2390.01806641 532.663513184
1047.8404541 311.84954834
61.394493103 76.3605651855
398.634918213 144.879501343
796.161315918 278.305206299
1947.6842041 755.878051758
1568.15930176 1385.14929199
1568.89819336 1238.5480957
1546.10375977 977.051574707
2096.41674805 774.05871582
66.1556396484 129.270599365
2055.31103516 721.204345703
1505.77941895 890.544677734
2429.79785156 500.579376221
1586.20263672 616.889099121
1574.27185059 1262.42626953
796.145446777 188.370483398
399.849609375 121.472396851
2836.87280273 532.17199707
1569.94299316 638.895629883
1567.29321289 1270.62158203
1571.51477051 1203.03039551
1980.2989502 807.300476074
1567.29321289 1270.62158203
1055.04943848 287.960113525
1574.27185059 1262.42626953
1510.46228027 1075.82763672
1536.89038086 726.822509766
1573.5847168 1380.97607422
980.724975586 296.737792969
1518.90686035 865.570129395
1537.58850098 737.123840332
194.236862183 1616.35595703
1587.78381348 596.703063965
2349.10522461 1642.94995117
985.894897461 279.829071045
715.589782715 259.4375
76.4958114624 67.1363983154
1571.49951172 1216.03222656
800.995117188 272.047668457
981.763977051 252.715774536
1491.84008789 1108.37268066
194.236862183 1616.35595703
3790.23999023 92.0757141113
1540.7322998 1264.2598877
2042.79919434 720.085144043
2006.29040527 401.447021484
926.628662109 281.332183838
985.894897461 279.829071045
1527.17089844 1041.1706543
801.89666748 237.738983154
796.518249512 177.368255615
1568.00708008 1226.02062988
236.148635864 89.586517334
801.339477539 249.154586792
2003.41918945 810.847412109
2051.67480469 793.148376465
921.878601074 253.46862793
2850.63598633 1672.62426758
1571.90454102 1251.02929688
2008.84448242 810.948913574
1994.71508789 807.761352539
1505.72021484 853.096557617
1579.35351562 1372.61901855
986.676452637 257.990814209
2001.43811035 715.985534668
3790.23999023 92.0757141113
1505.72021484 853.096557617
1532.65551758 399.162597656
980.21484375 308.010284424
1569.97607422 1361.80322266
240.831695557 138.333969116
791.231079102 182.495635986
1990.92822266 787.083068848
232.554199219 176.186218262
216.218063354 1661.99511719
1581.21362305 1388.97521973
802.174133301 204.24230957
2094.20947266 526.684509277
1490.29296875 1081.39001465
2094.20947266 526.684509277
2352.35400391 1726.18811035
790.197509766 205.951629639
993.433898926 255.638214111
2395.87744141 454.73223877
2135.35742188 462.079864502
2037.61279297 814.969421387
1558.89160156 1193.17687988
2053.53686523 743.447143555
808.993713379 224.622467041
717.142272949 248.12361145
1532.64794922 730.829833984
2007.12353516 810.708679199
3368.04248047 687.777526855
1550.59838867 1190.42053223
1597.39550781 708.894287109
1331.66345215 188.469116211
1494.60839844 1109.07507324
1568.91540527 782.706726074
1562.73986816 887.971679688
1516.27355957 875.677978516
790.91418457 228.727386475
1548.84277344 953.213928223
216.413955688 1635.58032227
1570.03833008 934.218017578
1528.13415527 1046.32617188
2021.13110352 762.360046387
1551.90905762 1186.89367676
881.479736328 246.921035767
2395.57055664 463.218475342
201.006546021 1746.15270996
1516.4708252 837.924194336
2782.47998047 1663.77246094
3819.20800781 111.289878845
1509.3684082 905.249694824
2395.1730957 519.96697998
1503.49353027 834.941772461
1576.38061523 1122.33166504
1549.32666016 957.802062988
2862.67138672 1682.99206543
242.196807861 161.822402954
975.142822266 302.755767822
1570.17126465 686.480041504
1548.75683594 957.82019043
1967.85046387 469.412017822
1520.14794922 391.596313477
1569.83483887 686.576965332
2952.13720703 558.879638672
1562.75683594 796.721496582
2019.98864746 746.453308105
1485.66674805 1085.63513184
1980.04443359 431.557617188
1565.51220703 1084.36193848
1973.51391602 511.710021973
1485.66674805 1085.63513184
2018.5246582 783.826660156
2023.12023926 784.8203125
1570.55773926 960.731201172
1564.76171875 871.262268066
3556.00634766 1539.22399902
400.92010498 219.436569214
2298.66674805 1551.71716309
1594.85119629 715.137817383
1501.51025391 1130.21533203
1580.9921875 1323.86206055
2053.11914062 482.434509277
2295.00708008 1562.32373047
1520.98608398 389.285339355
684.396911621 238.18536377
1564.2310791 728.366516113
1504.27026367 902.079162598
3886.22167969 125.795021057
270.029510498 1456.453125
2034.17663574 402.001373291
2005.04711914 763.420715332
686.505004883 248.822906494
2395.31762695 491.52532959
400.306396484 222.628417969
2859.14575195 1780.84411621
1503.86767578 834.125183105
327.412261963 1403.96911621
2352.32641602 1694.59631348
1563.97888184 816.977478027
1972.99951172 504.635101318
2792.69775391 1665.12023926
1544.38134766 680.338867188
1521.04504395 324.518310547
2341.06933594 1649.16455078
1547.7442627 995.916381836
757.689697266 172.692428589
1964.15661621 465.559112549
3357.66723633 673.41217041
2012.62683105 763.082580566
1508.40905762 846.154602051
223.966659546 1639.96594238
3552.58520508 1529.49462891
1593.76513672 1084.71191406
3886.22167969 125.795021057
1535.98950195 787.047973633
1499.76904297 1006.73266602
1230.6862793 1111.95556641
2394.96191406 510.053649902
2820.63500977 1648.80273438
2815.76220703 589.074707031
1573.55871582 653.862304688
2853.01855469 1718.23059082
1524.36730957 696.206970215
751.573242188 182.496139526
2042.34765625 730.028625488
1537.84472656 905.863647461
333.145263672 1392.90002441
1503.68444824 879.85357666
1558.74499512 798.264953613
2012.64526367 743.750732422
791.427429199 195.113677979
2037.37744141 754.459838867
1012.01586914 301.241638184
698.958496094 229.487091064
712.221557617 182.117736816
1521.52416992 316.474456787
1546.45812988 941.445861816
2385.22021484 527.369567871
1505.16882324 943.657897949
1577.93457031 1077.76367188
2029.81762695 814.266052246
1764.70910645 1749.7467041
1558.94348145 888.692932129
801.966796875 283.367004395
1501.58459473 865.761535645
1493.01538086 1359.64477539
406.134979248 114.572525024
1556.69445801 891.888000488
281.55480957 154.647857666
1540.24267578 819.481933594
1508.03466797 705.755493164
1520.76391602 378.043273926
1998.26672363 1665.99597168
2016.09448242 744.867492676
718.127319336 225.435028076
2037.12390137 774.057495117
2072.04272461 1721.1361084
1508.00427246 825.762023926
1764.70910645 1749.7467041
1976.68164062 431.933685303
1024.29101562 1348.39404297
1564.21594238 729.191833496
251.545272827 191.484786987
2028.99536133 806.178955078
1540.76025391 1227.26525879
1565.84204102 908.186462402
2050.09619141 731.093505859
1046.44482422 224.284683228
2414.97192383 637.246826172
827.981445312 261.987670898
2395.14697266 482.239990234
1564.42407227 1233.93041992
1540.24267578 819.481933594
2037.12390137 774.057495117
348.775726318 1361.48754883
262.877319336 193.66583252
1772.05126953 1751.23803711
1972.30529785 427.935455322
420.418701172 113.97844696
1012.01586914 301.241638184
1998.33203125 725.20300293
1469.54968262 369.345794678
1579.28088379 1080.66809082
1585.6673584 1093.89550781
1758.34802246 1436.2565918
288.310302734 171.928527832
670.214355469 229.027893066
1582.37561035 1114.19494629
1335.23498535 186.292495728
1476.58081055 382.921783447
1999.20031738 763.183166504
616.32232666 145.408630371
718.630432129 210.340759277
844.48614502 1065.3203125
1010.52923584 286.979064941
2820.64306641 595.482788086
1997.07202148 1645.85229492
1571.16442871 751.090637207
1560.28869629 1051.43835449
1562.22399902 923.075561523
1559.02233887 954.069152832
1572.33728027 1059.72631836
644.379882812 199.38848877
753.143737793 161.776092529
2493.13598633 544.222167969
2878.01000977 569.641418457
2394.93994141 472.792144775
2376.44360352 1763.26574707
1545.30444336 1256.46789551
1534.76672363 822.548461914
2026.9354248 711.755187988
2652.36865234 496.878356934
382.121612549 198.421951294
1509.21582031 928.680725098
2001.71008301 405.501190186
1307.8515625 342.16003418
1488.0637207 1331.54626465
686.505004883 248.822906494
644.379882812 199.38848877
1568.69763184 1058.65930176
3540.25024414 702.272094727
1573.03198242 844.604248047
752.879699707 162.27003479
3003.88623047 623.15802002
288.00869751 176.703338623
217.884414673 1682.05444336
453.400878906 170.391784668
1064.88598633 230.528900146
1561.14868164 1234.72021484
2045.42980957 768.394958496
1585.6673584 1093.89550781
3312.00366211 665.074768066
1980.05944824 431.366088867
288.414672852 1090.08435059
147.837646484 1730.3939209
1541.65112305 713.139282227
2102.88769531 498.820220947
1521.84594727 827.560913086
1578.58532715 767.042724609
1520.39660645 1111.3605957
1555.66491699 1370.80419922
856.269958496 1095.97546387
796.363342285 244.918289185
1590.60217285 552.21270752
3873.25634766 131.31628418
389.05581665 123.598442078
1542.60400391 775.977722168
841.172790527 1066.09545898
1466.37414551 377.576202393
1521.91186523 826.588317871
1554.94580078 1375.6282959
1982.50720215 439.321838379
1489.6965332 1094.3338623
3342.52319336 609.356262207
2770.73657227 1790.59179688
1013.16235352 297.264831543
93.1748733521 65.4829483032
2363.97729492 575.084777832
2853.91748047 599.91796875
1523.86950684 920.570556641
1581.25048828 1344.12109375
225.564437866 182.273239136
796.993835449 222.577270508
1570.93200684 706.259887695
226.012817383 1031.08642578
1505.31530762 1014.23828125
1513.9309082 1242.98791504
420.744262695 204.504577637
239.839752197 180.559265137
738.021484375 264.326324463
2805.96484375 592.522094727
239.158935547 1324.85681152
2816.02954102 530.50189209
1506.69702148 963.64251709
41.2350616455 1755.59899902
1582.59191895 1361.49914551
3840.50805664 112.267280579
1513.04772949 664.412902832
244.30632019 185.700897217
1981.37597656 723.227783203
1228.01379395 1320.49694824
1582.24108887 1295.36535645
127.114204407 118.19670105
1532.44128418 905.321228027
3880.52294922 128.162399292
1600.81445312 700.528564453
839.00189209 197.040115356
1991.73034668 801.190185547
144.508712769 1570.87219238
3563.33154297 707.30090332
2855.83569336 530.644287109
1514.21105957 659.756530762
2664.29418945 498.681854248
678.020568848 185.667190552
1511.03405762 945.507751465
207.305145264 1734.49523926
2033.24731445 814.670776367
716.344055176 270.506011963
2307.828125 1538.35705566
2439.58203125 525.447937012
796.996704102 199.827896118
371.7371521 175.423965454
1495.5267334 830.928710938
1592.04577637 722.523376465
2046.50695801 728.883056641
1549.0201416 1386.01257324
687.494567871 174.818664551
383.369445801 189.057144165
1592.88354492 1066.69616699
2047.23205566 728.946411133
1532.44128418 905.321228027
2778.18652344 588.120239258
107.426231384 163.955078125
145.737319946 120.872718811
861.413024902 1102.4942627
1569.87512207 907.272888184
796.760192871 211.050308228
1047.27514648 326.048370361
2342.28686523 1663.53039551
1084.10717773 313.231323242
2970.84887695 606.167785645
3028.34082031 558.37689209
3028.86645508 558.728881836
1601.42333984 1385.76452637
3873.25634766 131.31628418
1591.77624512 1388.9810791
2020.69580078 472.579467773
3658.62963867 661.063049316
1312.64208984 353.046600342
2036.31359863 561.798278809
101.069168091 73.798210144
1566.30749512 954.10345459
1280.67651367 365.052215576
87.3081970215 150.197525024
1545.47875977 957.800292969
1613.71923828 1384.29125977
1991.07592773 1638.68994141
1990.84326172 1677.11694336
1026.35327148 1037.15979004
2975.04516602 596.31439209
1532.31665039 1134.60925293
1010.33062744 225.614044189
796.226928711 256.080963135
1538.92053223 829.726867676
728.947814941 252.328414917
718.948852539 188.296829224
830.100769043 205.389877319
1569.27001953 793.148498535
3627.39013672 677.525878906
730.009521484 200.426818848
3312.80053711 617.089477539
3674.9921875 1391.45715332
2027.60668945 779.110839844
2355.29003906 1806.22998047
1582.96862793 738.316650391
1526.24609375 1087.91845703
1548.55664062 824.52532959
1048.04333496 326.158996582
2336.01245117 1834.62854004
1988.48339844 1633.26574707
3849.18554688 108.277534485
2037.06176758 720.319396973
33.9349136353 157.655578613
1017.88580322 236.958175659
3602.10766602 1432.4140625
830.100769043 205.389877319
1567.38623047 1124.47473145
1529.51831055 1010.63171387
1583.20336914 894.325683594
2101.05566406 454.176727295
742.107788086 243.318969727
3807.47167969 1387.95959473
2030.671875 1755.44506836
1603.31188965 1384.81054688
1066.91088867 309.52166748
2503.98803711 555.82244873
719.821350098 183.682357788
1192.89099121 1237.57055664
875.845397949 1355.70471191
224.500274658 1597.17407227
2909.08837891 1274.75341797
2674.10009766 920.124145508
898.843261719 281.747711182
3395.94970703 618.58203125
844.573059082 1329.21350098
1003.44677734 307.880645752
1304.38146973 274.722045898
336.843933105 236.191268921
48.2596435547 66.3575744629
1533.63037109 1163.70617676
2036.97033691 750.505004883
3512.69897461 641.505249023
1778.50354004 1732.35266113
2909.08837891 1274.75341797
858.336303711 1164.85314941
48.3779754639 56.4983787537
1075.26123047 302.358428955
2865.45825195 586.500427246
2864.02319336 1692.64758301
648.812133789 1315.21362305
3171.96264648 582.532592773
2018.4552002 764.326782227
2036.64282227 771.267028809
1195.84936523 1260.40344238
965.78338623 301.42880249
2775.07446289 1699.76916504
1528.38146973 963.974609375
2788.18017578 567.505004883
1548.60778809 697.551940918
2903.26782227 601.226501465
1589.59851074 1382.56054688
60.3125839233 56.8208045959
2891.01977539 1273.48278809
1531.94104004 698.715332031
3407.66723633 625.745300293
742.346313477 231.802032471
1971.70239258 434.71887207
1314.55041504 288.865020752
2836.83642578 527.414306641
2996.09960938 620.143188477
1546.36914062 742.178710938
3185.01318359 613.534484863
1350.08215332 197.984008789
2650.48828125 577.747436523
1600.60168457 700.567260742
1585.80224609 740.432800293
2331.60766602 1665.66467285
2021.18188477 770.198364258
1575.72888184 925.63861084
1542.81347656 1204.68762207
1545.62463379 1121.13769531
1235.22753906 325.54800415
1502.76599121 676.671020508
1597.00012207 948.037841797
789.584228516 262.153564453
1543.3338623 915.489257812
2054.8359375 752.301452637
3689.90380859 669.734985352
1565.81555176 1142.37866211
326.822845459 208.195892334
1504.1282959 736.199401855
104.149627686 1748.04638672
50.4703025818 140.839248657
3515.98876953 694.938537598
2001.62695312 396.029510498
3522.50927734 1834.10339355
2027.3651123 759.429748535
47.0548591614 65.5929794312
1537.52832031 1285.10876465
1578.52893066 925.61730957
355.799346924 1192.1114502
1564.40185547 968.194763184
3849.22900391 693.120117188
219.467971802 1669.91418457
3826.54638672 115.049385071
1570.76660156 883.011047363
2668.30712891 569.147949219
2331.60766602 1665.66467285
1566.82592773 829.11895752
2829.48974609 606.44152832
2359.4284668 1800.03234863
2036.58764648 720.989990234
871.082641602 1039.92370605
1124.79992676 289.411804199
1350.08215332 197.984008789
2774.3659668 525.099182129
1489.15283203 299.215423584
1294.32873535 248.865310669
3499.86962891 674.181091309
3625.02246094 692.902832031
1545.5255127 1094.53735352
2776.77124023 525.981994629
2104.56958008 483.812042236
186.843658447 139.284378052
1505.29980469 929.620605469
2016.27160645 726.37322998
708.680541992 166.93838501
1576.28393555 951.984558105
1516.0637207 702.614562988
2779.17822266 1680.40820312
1358.05749512 248.94190979
3694.04394531 677.407104492
2036.56481934 764.64642334
3206.55566406 593.768676758
1356.6574707 256.874816895
1560.99780273 807.867126465
2905.49829102 606.339233398
1980.72460938 1618.81604004
92.8766784668 74.9971237183
1995.28845215 800.955627441
695.079406738 223.002548218
1522.28430176 889.797180176
2790.77001953 599.555969238
3617.8046875 665.495849609
1304.38146973 274.722045898
2046.09326172 805.741333008
1561.19555664 662.739685059
3258.18725586 634.66229248
1517.89929199 749.901245117
48.5496826172 57.8905754089
265.173217773 101.515533447
342.161132812 825.609619141
334.006774902 1013.82092285
3645.31689453 669.383666992
720.233215332 222.485214233
811.57434082 1314.99206543
3310.55908203 657.630310059
3316.53295898 605.91394043
265.173217773 101.515533447
1585.2989502 1059.99279785
2000.06970215 802.77331543
2908.65087891 608.296264648
1488.96240234 1158.64697266
3415.27832031 659.837158203
1779.5222168 1757.36486816
1089.1817627 299.719177246
1039.30212402 1357.31982422
342.161132812 825.609619141
1980.43493652 759.854675293
2529.95336914 484.700897217
3006.37011719 554.941894531
1291.90710449 241.395706177
1510.45739746 819.395324707
1488.40808105 1136.35400391
202.782775879 155.922332764
2398.25341797 1007.98773193
3817.98583984 745.91217041
1501.20947266 812.184936523
1339.31506348 341.750030518
1571.31774902 724.11340332
3360.19311523 654.214904785
2779.17822266 1680.40820312
2750.52099609 561.260803223
1970.19775391 1727.39440918
2342.39379883 1523.95495605
1588.0838623 1332.98876953
1546.10742188 899.686950684
1015.13757324 242.534759521
1278.13391113 335.507232666
1519.32128906 361.254455566
236.79699707 1573.14074707
2093.99853516 487.961547852
776.102783203 224.215072632
3206.37915039 649.014404297
1521.85791016 815.405029297
742.707946777 208.72026062
1311.84460449 248.320175171
3320.77783203 606.869628906
1318.22924805 280.917907715
1264.8359375 265.740264893
3616.42919922 657.535766602
2864.42236328 532.770263672
2819.26733398 524.588684082
1590.87341309 709.870666504
1361.11486816 243.453445435
3205.09912109 587.147583008
206.233230591 987.182800293
1045.23937988 262.773864746
1551.5970459 1122.08630371
1550.60009766 676.932250977
3812.74072266 746.726928711
2380.78662109 513.626464844
412.855987549 97.6262130737
721.500915527 195.448791504
1535.85998535 984.204345703
589.044189453 211.299118042
1277.25671387 373.217926025
179.923416138 997.805664062
3652.82495117 1233.26269531
1563.05871582 898.271118164
1472.84326172 316.937011719
1464.78796387 850.878540039
169.734283447 1497.1529541
1561.71899414 739.451843262
387.968505859 160.96232605
3285.42944336 648.880432129
1514.21105957 659.756530762
2093.48071289 487.510894775
1300.47814941 238.508407593
1537.72290039 1188.76831055
838.592163086 875.421691895
1248.72009277 277.078704834
1533.6517334 988.986755371
14.8103752136 87.7183532715
556.650756836 170.712661743
1793.26379395 1731.41821289
410.378387451 105.718994141
2340.92919922 1542.01013184
1310.70275879 334.294372559
719.108337402 184.656158447
1536.58935547 866.648803711
179.923416138 997.805664062
28.4096164703 58.0810890198
694.46307373 697.655334473
2960.79638672 615.12109375
2005.10571289 820.063781738
3776.04272461 730.033447266
1460.24951172 1367.13037109
1536.01416016 1380.31079102
1532.74816895 1224.07629395
2794.29711914 551.063964844
3725.08935547 708.376220703
1535.43908691 1193.72717285
3296.76708984 645.856079102
1517.06054688 789.549072266
1488.40808105 1136.35400391
1489.25549316 844.027893066
2998.3503418 561.820922852
1565.1953125 942.088378906
2838.2824707 558.567565918
361.825714111 839.728942871
1347.47839355 348.139007568
2381.14697266 494.874389648
1081.87536621 746.65447998
1457.78076172 1363.02087402
2527.41601562 541.672607422
1592.06274414 1385.23522949
3033.27880859 619.005126953
2769.56396484 517.159851074
180.844039917 175.94581604
1567.04260254 1176.18652344
2617.58544922 541.257995605
3296.71118164 626.213928223
1530.92626953 984.854919434
1457.78076172 1363.02087402
2527.65820312 478.139343262
2838.01489258 575.813964844
1484.3939209 848.008789062
694.659301758 211.254043579
1581.5513916 1097.71862793
1358.10131836 350.154327393
1538.78723145 1119.82373047
1541.97998047 1248.12353516
817.026733398 242.367370605
1488.02282715 1201.13098145
1557.31872559 677.697265625
3594.76147461 1443.69580078
1487.78991699 1179.95581055
1492.22570801 1118.88549805
1552.8215332 1072.11108398
1405.0246582 367.078125
699.692810059 295.430328369
2880.47485352 1282.13024902
2032.31152344 736.190917969
1544.3416748 669.890625
385.779418945 846.754394531
1311.84460449 248.320175171
2365.04638672 1769.875
1547.68310547 702.047790527
2909.19140625 608.247009277
3851.98022461 741.74432373
1993.74621582 707.719543457
616.32232666 145.408630371
1993.25427246 716.200317383
238.126342773 1347.78723145
3562.12548828 649.765441895
1616.8581543 719.276977539
1492.46252441 1157.98657227
1596.66943359 1001.91247559
1063.14550781 273.635437012
3039.93798828 568.430847168
1374.33898926 353.434204102
1535.24572754 1194.39587402
1569.52893066 975.122253418
2794.21069336 542.184387207
3566.96850586 698.627563477
165.510681152 1551.77429199
1555.61425781 1120.30456543
1544.9005127 718.694641113
3465.18579102 1380.43127441
2909.19140625 608.247009277
1434.26977539 351.306976318
1319.28161621 218.499008179
1555.61425781 1120.30456543
2381.31201172 485.805328369
1483.56616211 849.66998291
235.942947388 1444.97912598
2381.54980469 467.182556152
1514.94897461 875.839477539
325.215667725 956.134155273
1254.40576172 269.33291626
1529.24377441 776.931274414
100.959686279 1452.96057129
2999.17993164 554.303833008
2029.10925293 766.559143066
3861.90209961 705.577697754
1557.25390625 1228.01245117
619.325378418 1364.69970703
2675.84375 509.617553711
1023.29638672 260.247711182
2354.26513672 1779.4901123
2909.83911133 545.984863281
1517.17553711 783.695373535
1523.51477051 366.257019043
214.291992188 831.215515137
406.195373535 107.152931213
2370.71630859 1567.64453125
3329.84765625 682.327514648
3564.4621582 657.376953125
1594.93786621 1157.99755859
1472.26037598 1080.67321777
2626.49731445 564.847412109
1596.18249512 1361.62280273
1764.56982422 1542.11474609
1497.3572998 372.588500977
1030.62255859 267.878326416
100.959686279 1452.96057129
1464.78796387 850.878540039
39.9978218079 153.992080688
1538.48742676 1239.77404785
3980.62841797 713.886108398
579.066650391 221.555297852
1954.32763672 469.012054443
1492.11071777 836.479003906
1519.11474609 351.311218262
1052.80822754 206.138687134
1790.98864746 1750.27941895
63.3989715576 136.65725708
1584.55200195 1017.63195801
3819.76416016 738.270446777
3718.75146484 676.931335449
1537.92700195 1085.97912598
3622.2355957 705.651794434
3433.89624023 674.604858398
1469.94519043 305.715240479
856.844238281 1176.98034668
3217.53295898 605.180480957
1584.88378906 665.075866699
1557.6229248 1137.57653809
2614.98486328 549.039428711
69.5494995117 138.034805298
1544.46643066 1255.95166016
1588.00769043 1036.44348145
87.5256118774 136.037521362
2584.29052734 521.416381836
1555.06481934 746.835021973
1955.94018555 471.386016846
2758.56445312 1572.85949707
117.276412964 72.463508606
3826.21337891 688.360961914
1581.16662598 843.094970703
1041.57873535 340.404449463
2016.06445312 760.766479492
1455.90490723 386.407928467
1537.62426758 492.084014893
1534.64172363 863.461914062
2690.421875 1545.63549805
2501.39135742 494.603759766
1517.59362793 661.77545166
1579.20251465 660.331726074
1041.57873535 340.404449463
4027.36499023 788.214904785
1753.31091309 1457.13574219
174.993545532 78.3549728394
1989.8536377 747.338134766
3149.08544922 593.519958496
794.576049805 293.448516846
3099.61938477 609.791931152
2584.29052734 521.416381836
730.765930176 151.89944458
1784.83642578 1752.90881348
1535.85998535 984.204345703
1948.76281738 821.98059082
210.303543091 1299.4901123
1583.99267578 1076.02197266
48.335723877 79.6739730835
2034.00524902 729.196594238
863.217712402 912.732788086
1591.06762695 1211.53540039
2025.68457031 1438.94335938
2602.38354492 538.269042969
3656.18432617 716.691833496
303.053619385 1439.14306641
2877.98608398 533.801147461
1592.34289551 1282.43530273
1819.6973877 1723.18579102
51.6214447021 116.883537292
1552.04858398 876.590270996
3727.19897461 733.079467773
2796.03540039 533.909912109
2025.68457031 1438.94335938
424.305023193 190.690917969
2379.82885742 1576.00720215
1560.140625 912.690063477
3597.69311523 1456.68884277
1508.27624512 796.588256836
789.996765137 272.682525635
303.053619385 1439.14306641
2750.00634766 593.794433594
1548.21582031 695.829101562
3239.6159668 660.233398438
2641.41601562 592.858581543
2002.52270508 818.650146484
1591.35668945 1281.17346191
1498.19836426 1102.44958496
602.646240234 225.35005188
699.692810059 295.430328369
1759.79956055 1549.92456055
3311.83837891 673.514099121
900.88458252 294.145263672
2909.19140625 608.247009277
874.706604004 1019.0581665
2520.0925293 469.035064697
1273.76000977 199.064453125
1273.76000977 199.064453125
2374.29833984 1520.55078125
732.964538574 146.044387817
1319.28161621 218.499008179
1541.57263184 761.216674805
2381.53930664 504.448181152
681.157470703 180.170471191
714.007446289 281.055450439
1590.29382324 1352.01574707
2856.23291016 1658.90393066
3622.81323242 656.747314453
2466.58691406 526.145446777
3421.8828125 645.047363281
194.699066162 160.789047241
1995.69482422 762.027832031
2810.66503906 549.330200195
1997.16687012 1571.03186035
2675.70556641 1485.25976562
3545.08959961 1846.65759277
1241.99035645 350.636413574
776.532226562 213.064147949
52.0109863281 104.698471069
1589.10144043 820.193969727
186.843658447 139.284378052
218.007293701 94.2993164062
362.542510986 167.705535889
1591.19421387 826.640563965
3776.27636719 717.662109375
1531.59094238 1260.95544434
1966.97741699 728.828979492
63.3963012695 124.730163574
1548.20349121 484.700592041
1497.50488281 362.378143311
3427.58496094 646.240478516
3593.54394531 1381.43835449
2042.74182129 798.289550781
2713.37158203 507.050598145
2013.09838867 801.842224121
3529.09594727 711.217712402
979.221679688 284.773742676
1946.36157227 707.317016602
2357.01708984 1663.09765625
1510.35046387 936.139465332
3561.39428711 646.78894043
151.769760132 159.714935303
2673.60644531 1486.90930176
3755.22216797 714.241088867
2078.61767578 745.496704102
1479.01147461 921.563537598
693.97052002 188.454544067
85.4590072632 123.6876297
248.848770142 1795.3704834
1977.7244873 410.647674561
1097.49951172 256.076934814
1970.02416992 784.399658203
219.543838501 992.382324219
3103.11328125 638.114807129
1574.10766602 1133.23840332
177.359970093 112.510726929
2054.23291016 569.429138184
2620.46386719 513.348632812
2076.06542969 545.759460449
427.7215271 179.033462524
1964.86279297 728.89630127
3692.88720703 664.21875
1048.36547852 333.416229248
3122.72680664 650.198547363
2836.19726562 597.00012207
1482.83044434 1221.34313965
2051.19238281 713.557983398
3678.21289062 1263.54284668
872.263916016 277.379058838
2758.56445312 1572.85949707
694.369384766 200.005859375
2067.64746094 826.243774414
3157.95678711 585.805541992
2047.99475098 825.058105469
2963.78955078 556.304748535
2370.70800781 1526.86962891
1524.34875488 1150.4798584
1378.64807129 321.773376465
101.65007019 1435.13806152
2915.85375977 621.049255371
3263.74975586 664.001037598
1119.98535156 264.026367188
2496.45385742 536.404602051
2009.00854492 1651.13305664
1590.78527832 694.962768555
2944.80175781 549.066833496
1566.91125488 771.282836914
3257.17724609 622.383361816
2944.80175781 549.066833496
91.6705780029 980.97265625
3698.04223633 1402.04211426
1584.98803711 1056.06188965
2007.39355469 783.014160156
1548.20349121 484.700592041
2035.66186523 796.334777832
1625.6472168 718.353088379
2010.27087402 708.369995117
2911.5612793 548.155151367
217.26260376 1547.89465332
1037.35412598 1321.49841309
1489.28076172 927.743591309
2547.41601562 501.281585693
19.6655883789 164.83972168
1557.33557129 803.325805664
1559.56848145 1072.2487793
1471.22692871 924.094726562
1769.13720703 1711.11523438
3122.72680664 650.198547363
1209.33447266 320.722595215
3566.91235352 689.610229492
2547.41601562 501.281585693
1495.95275879 1065.86877441
2649.93066406 518.828125
1998.99816895 1571.29296875
1531.5345459 1279.16503906
88.1709899902 87.7442169189
368.286773682 268.23260498
219.543838501 992.382324219
2677.79882812 516.055847168
1599.12731934 752.882751465
1539.3494873 1361.99243164
2621.17773438 602.675720215
3553.42675781 701.385681152
3496.86083984 733.470581055
95.6890640259 981.369812012
1522.1998291 773.519287109
192.689117432 145.635818481
1602.61975098 598.500915527
1586.89562988 1077.13378906
2887.21850586 1270.59960938
2800.84936523 521.186401367
721.500915527 195.448791504
3736.11547852 721.884887695
749.164978027 701.220214844
2306.27148438 1595.50292969
2801.12915039 1678.36157227
1542.0670166 1243.79394531
2365.91162109 1517.73144531
2010.90441895 734.254516602
3668.14282227 732.073181152
1598.37890625 677.65447998
1358.68469238 296.871124268
24.9326934814 166.128585815
860.582397461 1215.94165039
1310.66748047 254.567947388
1592.30871582 1214.21679688
3327.58178711 693.064331055
1494.99755859 781.233886719
117.128387451 108.978775024
1520.62304688 635.770996094
1599.12731934 752.882751465
3698.04223633 1402.04211426
425.33404541 167.448699951
470.070068359 1399.63476562
390.745117188 149.060638428
937.754760742 227.405670166
2005.29797363 542.559692383
3312.609375 706.883300781
3718.359375 708.85333252
1554.91723633 849.201538086
1491.47290039 1179.38684082
1581.91479492 647.780944824
2963.78955078 556.304748535
3168.77685547 684.830627441
1482.83044434 1221.34313965
874.706604004 1019.0581665
1540.58483887 815.603271484
846.344482422 1142.66870117
1538.98706055 958.788085938
3363.12329102 645.829711914
3819.58642578 729.36541748
1977.81103516 795.977294922
2810.54418945 540.598999023
1527.82275391 372.214477539
49.3816413879 104.681655884
1579.72290039 1275.91687012
3531.38110352 722.304443359
3531.38110352 722.304443359
2698.1887207 518.538085938
885.256774902 864.193725586
1967.75158691 812.367736816
183.845367432 1557.88879395
1542.97790527 686.820495605
334.806152344 151.199432373
631.524353027 173.243438721
3780.33398438 678.66796875
216.41178894 1383.9987793
889.208007812 1134.1036377
3206.75244141 698.166870117
1503.58361816 374.036743164
2897.08862305 606.420837402
2420.9128418 1200.88391113
1066.21606445 288.86541748
2399.58398438 1155.12268066
2681.84643555 1470.57409668
363.433227539 215.680923462
1523.91662598 685.005981445
3260.71655273 706.324401855
2000.25048828 810.42980957
885.256774902 864.193725586
1595.47741699 1039.66235352
2057.22924805 760.050048828
1997.25048828 797.814819336
1173.1673584 268.568603516
2853.18017578 573.811767578
1260.578125 369.304046631
2838.31103516 541.325134277
1533.61535645 946.271606445
1967.10644531 812.062866211
1448.13793945 1380.55541992
1602.16455078 784.388977051
1578.08618164 935.092468262
1270.2220459 329.107666016
1233.33374023 344.371643066
2775.03393555 561.119384766
312.694641113 101.668701172
2003.29882812 781.171447754
725.952636719 262.919158936
762.400817871 155.74307251
1546.09741211 415.010101318
1517.45532227 773.015930176
647.582885742 241.563262939
2420.9128418 1200.88391113
576.760559082 229.768981934
1542.0670166 1243.79394531
1539.09570312 769.28302002
190.703308105 1521.53918457
241.631942749 166.736099243
951.230895996 214.762130737
3738.85205078 685.671386719
1963.95031738 518.418945312
873.637939453 1353.95483398
2072.96166992 802.284729004
2790.62695312 576.493041992
269.567016602 182.96194458
235.773620605 169.950256348
1762.31567383 1658.24597168
1509.44848633 1004.22027588
1566.20324707 657.325378418
3813.24633789 764.261535645
3776.80639648 782.151306152
57.1619758606 1740.58764648
783.019714355 178.503723145
3861.12670898 1362.17749023
383.308166504 141.765594482
3333.65039062 661.786621094
1528.95129395 998.143676758
3116.08764648 677.494812012
1594.22705078 738.832458496
695.543151855 251.735778809
2846.19555664 518.312316895
187.319488525 183.515457153
2988.74951172 1490.05615234
819.730529785 220.213699341
414.415740967 89.9906692505
2931.15966797 648.878479004
1964.87145996 766.206359863
1536.52783203 796.298217773
3501.41772461 1292.12939453
1600.98205566 1284.45532227
1541.78601074 811.442321777
1533.19812012 1148.75146484
1327.92993164 286.027984619
3358.41870117 686.857788086
740.519958496 197.33631897
3343.26611328 718.166320801
2914.28076172 1492.94494629
254.95149231 101.107078552
2693.94140625 533.228820801
3442.46679688 686.720947266
2641.41601562 592.858581543
1540.99536133 1171.81835938
1130.70654297 256.753356934
3647.09814453 700.979125977
2547.73217773 558.487487793
3158.30737305 664.908874512
1946.19775391 742.538513184
193.746505737 77.1232147217
3356.49462891 602.615600586
1526.10986328 687.302429199
3765.84692383 733.473876953
3136.1809082 654.308349609
2376.93579102 1172.47998047
1997.6081543 725.715515137
3467.70874023 628.59576416
3594.97143555 1423.68933105
3577.09838867 1494.15673828
2620.0534668 493.523345947
2881.96069336 1539.54101562
979.221679688 284.773742676
272.490264893 1038.57519531
1593.88757324 1246.74328613
2002.74890137 803.83996582
924.443786621 209.876663208
2814.08642578 548.430786133
470.070068359 1399.63476562
408.26449585 234.966293335
2311.63476562 1583.03234863
2010.23083496 441.160736084
2367.28466797 1783.59082031
1466.19274902 922.585998535
1593.65966797 1042.79296875
1083.41870117 744.406005859
1030.62255859 267.878326416
1186.90649414 361.424255371
75.287979126 1721.37011719
2718.08398438 582.446594238
1314.15710449 380.61819458
1236.6697998 1331.20898438
1162.32336426 357.42364502
1484.06762695 980.165893555
2367.41845703 1784.19299316
2889.20483398 1548.75610352
2910.58154297 645.744628906
1201.3380127 269.052001953
1578.88146973 713.707580566
262.601135254 1056.49377441
3356.49462891 602.615600586
2566.53320312 594.990844727
1535.51574707 972.764892578
3324.61743164 708.689147949
1524.57312012 747.63104248
634.646606445 230.163696289
1538.91796875 892.733703613
3794.39868164 110.885498047
1962.65710449 785.824523926
1582.69921875 998.533569336
1099.1427002 354.114746094
858.320983887 1235.14025879
3020.16918945 544.439453125
3239.6159668 660.233398438
802.407104492 294.349334717
1544.84960938 734.909301758
644.254882812 165.385940552
699.394836426 1022.80377197
2488.6965332 1497.59936523
1585.51708984 1050.42211914
806.367858887 169.997238159
16.2477226257 161.684753418
3596.00683594 1423.92285156
1576.13928223 987.663146973
1970.02416992 784.399658203
2910.28271484 537.393066406
3800.22241211 732.636535645
262.877319336 193.66583252
890.376464844 205.470245361
3486.1940918 1424.26525879
3595.42578125 754.556274414
1982.0168457 482.394073486
2944.38256836 658.19720459
3793.85083008 1249.42773438
1098.45092773 257.745422363
1071.41308594 312.177886963
1542.06835938 1285.12744141
2603.4206543 502.142272949
891.303955078 281.561584473
545.11340332 140.687667847
1481.78430176 829.797119141
854.499267578 338.318389893
119.906280518 981.177368164
1118.33178711 245.264465332
1041.34814453 1053.35095215
1324.23144531 272.602661133
2516.50097656 461.934936523
2039.85559082 823.788085938
362.241455078 228.19039917
481.216033936 282.070983887
1585.53845215 647.106872559
2501.33789062 530.850402832
1190.07165527 257.462677002
2934.00146484 631.843322754
1186.90649414 361.424255371
3440.5168457 689.208190918
1054.49865723 1336.20202637
2090.07250977 552.017578125
3794.39868164 110.885498047
2590.89575195 486.853973389
1008.46282959 301.396881104
1599.64794922 994.666748047
287.13369751 1075.20825195
1538.25061035 724.102172852
1551.5279541 1075.01794434
1183.98522949 331.815917969
577.233642578 185.76335144
870.798217773 309.325653076
4027.37915039 768.615966797
772.186523438 245.64352417
2394.88500977 1292.7947998
3239.6159668 660.233398438
1309.67907715 382.021575928
2819.42163086 559.348693848
1590.3770752 814.13458252
1607.88879395 865.731140137
1960.96472168 802.994934082
2874.58398438 1685.73425293
2007.3293457 779.05670166
3755.22216797 714.241088867
2011.85559082 556.418884277
2407.41967773 1158.17700195
3554.35913086 642.167419434
158.732025146 164.66027832
1522.68103027 707.746520996
3290.66748047 673.116577148
3547.13989258 1791.62634277
1537.92700195 1085.97912598
887.890869141 302.82510376
2464.046875 1340.41491699
1495.01416016 409.003051758
643.49407959 270.58114624
250.576751709 103.246963501
950.892822266 225.740280151
2896.18066406 1394.04394531
1501.4440918 1387.49060059
628.284790039 154.96711731
1232.6776123 369.387695312
3862.12231445 756.829101562
2654.35302734 554.653564453
2594.38769531 565.239013672
336.209716797 162.877426147
2059.09619141 515.845092773
1391.6114502 345.137878418
1601.75219727 1212.22460938
747.134094238 321.930114746
3484.64819336 1502.66418457
3010.58642578 645.292114258
1966.71594238 418.649291992
3677.74169922 642.102416992
1548.53063965 903.251586914
3557.37060547 638.570617676
441.730651855 198.180740356
2073.85229492 766.071105957
824.822021484 1216.50378418
1585.95068359 1311.83972168
1978.39172363 473.279968262
267.107116699 1737.61364746
1292.19262695 253.271347046
907.92010498 273.368103027
2508.203125 487.016204834
1013.29003906 278.783233643
678.712463379 293.906799316
555.830444336 293.204986572
2105.93505859 529.371826172
3304.28808594 603.046020508
1504.22924805 1105.10180664
1503.84472656 985.372558594
417.635162354 100.975479126
1367.0300293 191.038986206
75.287979126 1721.37011719
2516.50097656 461.934936523
1553.6505127 919.230773926
1378.23083496 393.5184021
2021.14611816 414.47668457
1441.74743652 1392.42871094
1546.95300293 928.699462891
143.811050415 1755.01062012
2077.08007812 782.28527832
1523.02246094 738.661682129
2060.57348633 551.712890625
3193.4675293 564.547607422
1206.98815918 352.777130127
1601.52600098 1282.65063477
1495.94152832 303.586395264
1290.74316406 246.904373169
806.109069824 1213.5670166
1327.92993164 286.027984619
1547.2322998 1170.89538574
287.13369751 1075.20825195
1592.20263672 849.166687012
1582.45495605 1038.50256348
2671.32836914 589.864624023
1389.47338867 334.451843262
256.199188232 1739.5213623
1578.88146973 713.707580566
1754.74060059 1488.47363281
2402.17236328 1396.48291016
1754.74060059 1488.47363281
2090.07250977 552.017578125
1017.36175537 248.337936401
3844.36645508 678.393737793
631.042663574 183.544143677
3378.18554688 652.291687012
3386.30859375 1481.37902832
1545.10461426 1175.09265137
579.1328125 232.573745728
1532.48046875 750.03704834
837.798156738 250.859100342
1378.23083496 393.5184021
1620.14208984 1151.24499512
481.216033936 282.070983887
2657.49511719 488.721252441
313.409576416 1508.43786621
1540.64343262 664.575134277
3838.27001953 1399.80786133
334.23046875 139.793334961
2017.60852051 750.896240234
127.040527344 155.718338013
1587.96020508 812.75213623
1399.65246582 378.644073486
3628.00463867 748.962219238
331.129760742 265.415374756
3232.22631836 597.861694336
359.881072998 914.365478516
1596.61328125 1328.98486328
598.317565918 265.846740723
1003.56866455 212.408752441
2341.74047852 1634.28649902
1515.29638672 971.614685059
1599.27050781 1114.30993652
3554.35913086 642.167419434
3290.66748047 673.116577148
744.004882812 286.832580566
1584.77575684 1266.62854004
2484.49902344 1495.68896484
2638.80029297 588.204284668
1504.21508789 343.998626709
480.993865967 1163.92651367
1504.30908203 333.747070312
546.298095703 253.363388062
673.301574707 141.190963745
1327.42956543 385.317657471
2899.68945312 1553.85693359
910.505187988 330.205352783
2634.14160156 529.759765625
899.593383789 919.050476074
1048.14794922 1283.95092773
1592.22595215 986.18359375
2778.92700195 535.116210938
1096.51269531 344.18637085
1415.9864502 306.18572998
2588.45361328 556.52545166
3239.6159668 660.233398438
502.724365234 281.071105957
661.546813965 158.119384766
76.4206390381 1512.58557129
2787.30273438 1502.78808594
1595.20947266 1128.19812012
293.228912354 945.515197754
848.264465332 1220.93945312
2779.88720703 611.094055176
1588.37768555 687.972167969
2031.08361816 707.482666016
2704.65478516 1528.60778809
717.090026855 282.167602539
2685.69213867 917.872009277
2791.70581055 508.703094482
622.861450195 177.976501465
3832.23681641 769.869018555
280.273986816 206.837615967
2449.34228516 539.159057617
1537.25231934 937.724365234
3570.79833984 668.357971191
549.739562988 245.703033447
229.979766846 198.983718872
3005.8503418 660.342102051
2086.28222656 476.311309814
2958.69335938 551.993225098
1530.50341797 759.760681152
882.049743652 1361.26196289
3033.58374023 610.754821777
924.443786621 209.876663208
877.161743164 989.522155762
555.688476562 198.806991577
1182.90515137 1246.83972168
1538.41577148 689.498962402
2993.45581055 1477.44396973
1096.51269531 344.18637085
853.865661621 1158.50646973
1317.99462891 231.927856445
273.452270508 1735.92163086
2904.56152344 537.463134766
1523.8190918 1364.63903809
852.402832031 237.230773926
488.489685059 1374.3692627
336.962158203 225.846160889
1488.46069336 418.046508789
1503.90283203 323.711181641
3633.21362305 733.549194336
2722.93701172 497.940246582
833.937927246 1172.21496582
3181.6184082 604.287353516
3889.44140625 752.939208984
2094.57739258 803.082397461
2451.12109375 463.696258545
2422.16455078 908.857849121
1519.65966797 772.758850098
3214.51391602 685.039855957
3350.25805664 644.314697266
1957.36230469 444.664154053
1995.15283203 814.789794922
2792.09057617 628.864868164
3571.76098633 685.653930664
462.869720459 223.242126465
653.733398438 136.524337769
2648.58325195 589.000732422
352.662231445 147.285003662
744.004882812 286.832580566
1529.61865234 684.135803223
507.504089355 258.17956543
1580.40100098 670.179748535
3433.90112305 653.463439941
745.001281738 272.983215332
2084.21166992 510.008300781
271.02645874 1460.66760254
604.082458496 281.71182251
178.183700562 178.763305664
836.637207031 280.462036133
1551.98718262 846.406311035
1568.53991699 999.801757812
1544.18139648 789.446655273
292.318572998 1508.8223877
2850.29589844 1645.47412109
2784.42626953 2171.09155273
1592.69458008 1332.84301758
2783.00097656 609.269775391
2785.13867188 1585.92578125
1059.92956543 262.259460449
1599.19580078 817.509216309
3088.27392578 654.488464355
2668.77563477 552.924072266
2472.06298828 561.929260254
282.209197998 117.833114624
997.544433594 273.899261475
2081.04248047 510.556518555
3095.98535156 621.830566406
1571.95153809 1314.92297363
1480.61181641 417.859313965
1526.60852051 939.517944336
1009.453125 362.399017334
833.937927246 1172.21496582
293.228912354 945.515197754
533.595825195 262.136474609
3723.28564453 734.775634766
1994.67871094 449.059326172
58.4822502136 1730.59716797
845.049560547 305.294616699
3736.11547852 721.884887695
2136.69311523 485.048065186
1540.12939453 719.77545166
2664.35473633 479.379211426
3430.08642578 730.260559082
1556.63500977 944.800292969
2430.43603516 532.132507324
1588.20202637 1315.25048828
1592.21350098 1337.68566895
1167.42248535 251.057495117
3397.65844727 718.075622559
1013.2901001 333.127716064
2669.36743164 543.922851562
853.573669434 313.856018066
2580.49487305 578.296813965
3585.13671875 708.740966797
2068.16601562 807.94128418
58.3982276917 1737.16345215
1517.27172852 900.814697266
3436.12548828 624.289794922
1547.36132812 787.011108398
2888.86962891 650.125854492
3474.41601562 1446.83288574
1003.77282715 216.962051392
2580.49487305 578.296813965
1322.76745605 243.529190063
230.606018066 1180.95446777
1104.53344727 327.709106445
2014.56005859 391.790222168
3554.23681641 1718.52075195
917.245056152 347.213775635
1558.88671875 1135.94873047
3571.44433594 1468.49633789
3263.82568359 975.202575684
3441.27246094 637.848876953
2468.33496094 1507.84692383
1360.74853516 398.195220947
2550.74633789 480.467102051
1317.48828125 232.007980347
3594.66845703 636.918823242
124.927864075 170.373458862
3905.40258789 70.6287994385
3137.89160156 934.478515625
3592.10351562 1325.23864746
3083.01708984 943.270446777
167.730209351 72.7018203735
1299.07446289 323.23425293
633.272766113 168.254150391
3143.19775391 564.655883789
1570.0637207 668.628662109
2040.36132812 821.619873047
1067.55480957 1308.28820801
1985.35046387 412.207458496
892.323120117 313.141693115
2508.83325195 556.96875
3275.94750977 666.247497559
3469.36328125 641.794494629
3448.96606445 725.71307373
1518.30090332 958.508117676
2450.89453125 1269.71875
337.118103027 205.957717896
1614.86462402 1294.45605469
2562.47753906 585.343139648
1362.69006348 233.741394043
3547.3112793 706.215087891
1076.60559082 340.581329346
3571.44433594 1468.49633789
2850.29589844 1645.47412109
1355.03100586 306.933044434
1532.08740234 698.577087402
2093.97558594 827.61517334
2027.43017578 763.416137695
1560.38671875 1116.92456055
1520.40771484 1096.13867188
650.104614258 289.30090332
2447.9519043 464.75793457
1515.8449707 979.23449707
3773.00097656 1413.98205566
1551.46130371 1315.62963867
2445.12158203 1501.25439453
583.315795898 245.178146362
1073.84313965 1276.48986816
3497.44213867 1205.62451172
868.222106934 173.853149414
3665.93041992 743.289978027
3398.80053711 652.510009766
297.150756836 903.899536133
960.674194336 190.061767578
215.492996216 119.292121887
1022.19647217 322.050994873
924.855773926 349.369812012
348.092071533 211.531555176
1517.70471191 760.974060059
878.610046387 325.275085449
866.918823242 1159.20703125
3078.55615234 657.403320312
2481.27612305 1521.15454102
853.794189453 321.289276123
880.673461914 990.002502441
1040.54602051 1319.09375
1525.12353516 1207.79785156
300.544067383 778.45526123
918.502685547 317.732818604
2985.72021484 650.122070312
533.327270508 252.973342896
3586.42163086 634.007324219
2468.70898438 466.637817383
540.241455078 211.06678772
1061.13110352 1322.20507812
3701.88598633 654.20526123
1992.52062988 1632.42150879
3088.92871094 568.539001465
1568.67333984 1313.25048828
12.1036758423 35.790763855
244.416946411 205.978820801
2487.25366211 524.120239258
2612.91943359 505.192932129
3991.90869141 703.081726074
3317.55639648 588.968933105
3477.57202148 630.414916992
1384.34790039 290.047637939
332.095794678 82.3526306152
3180.66357422 665.912963867
1173.58166504 329.607910156
319.264221191 1426.29211426
1176.4901123 1347.03771973
191.381576538 201.122070312
3280.18969727 606.433898926
603.874206543 136.331390381
51.6875534058 92.6628875732
1113.64343262 303.748443604
3290.66748047 673.116577148
3611.11230469 715.617553711
488.489685059 1374.3692627
1227.75610352 256.42364502
2337.90307617 1559.83483887
3496.86083984 733.470581055
2072.96166992 802.284729004
2721.28222656 593.00177002
2447.9519043 464.75793457
3309.69091797 693.824523926
1526.15490723 926.462341309
2871.29321289 508.875488281
265.252593994 60.5248298645
3472.08032227 616.980651855
3796.95922852 105.005569458
848.62109375 1181.24926758
1023.52459717 342.17791748
1400.54724121 292.456970215
2391.99755859 471.778198242
3388.73730469 1467.1171875
3884.01025391 711.158874512
1397.37976074 367.692840576
89.1108779907 958.278015137
317.807952881 84.2355117798
921.462036133 325.13861084
2564.29956055 460.906494141
1201.08166504 297.018829346
408.26449585 234.966293335
1009.453125 362.399017334
517.512084961 261.604614258
3571.44433594 1468.49633789
747.655517578 149.452545166
619.890686035 239.328277588
2689.05737305 437.163757324
3083.01708984 943.270446777
2942.77172852 634.191650391
2942.77172852 634.191650391
565.198425293 1358.2253418
230.931884766 1612.01721191
1535.22912598 760.952453613
166.842575073 1645.6394043
2540.65527344 557.292114258
3626.99780273 717.174804688
2005.86425781 459.730041504
2322.48583984 1635.99462891
2624.32714844 594.909179688
329.424438477 257.930328369
3212.95556641 588.709228516
3832.63037109 763.185852051
1608.10668945 726.80645752
2821.1262207 625.424560547
1115.66748047 1351.99951172
999.165710449 192.799880981
2689.09106445 1079.89550781
608.055358887 125.144668579
314.39050293 90.7710037231
3223.25854492 1498.73852539
1533.80212402 1370.81347656
1497.90112305 294.96194458
999.901367188 185.258422852
831.196044922 300.523864746
297.150756836 903.899536133
1168.93933105 309.137817383
3255.94262695 601.99786377
2919.65844727 517.176025391
1616.19824219 864.497009277
996.827392578 1356.18103027
2067.20727539 572.991882324
243.293899536 69.9615478516
2413.00317383 552.671447754
3535.13769531 617.767089844
2685.69213867 917.872009277
2722.40551758 486.420227051
1387.3269043 365.986541748
85.4590072632 123.6876297
1545.10461426 1175.09265137
1144.02160645 1345.53344727
112.525428772 1686.59619141
3709.80786133 670.739379883
3218.02978516 598.200439453
568.672607422 195.200790405
3516.59057617 1591.59863281
161.623886108 993.696044922
1382.0177002 401.812927246
3527.7668457 1360.05969238
3727.19897461 733.079467773
3166.57641602 644.115539551
1042.84863281 1207.4473877
2922.95458984 520.437255859
385.642608643 1438.32177734
1592.37792969 1028.55749512
869.407653809 1277.81542969
974.793273926 245.958847046
1235.02880859 1084.83581543
1034.2935791 244.85244751
1616.21899414 1294.88903809
898.185974121 1339.27905273
1355.03100586 306.933044434
1162.64562988 340.685913086
1416.86169434 1267.97094727
754.020141602 306.072753906
2356.15283203 1633.13146973
290.986236572 79.9399795532
1609.05395508 643.970031738
183.193786621 1771.50585938
2612.90307617 585.612976074
381.754394531 184.887908936
1736.41430664 1534.94335938
2101.08032227 840.079772949
3485.703125 1524.33618164
922.623718262 932.783203125
549.966003418 127.553573608
2855.66894531 1643.44445801
3450.59448242 621.598571777
1978.6361084 1434.20007324
556.316711426 128.460678101
3519.66308594 1207.08374023
554.653991699 148.419372559
2713.94970703 568.65234375
496.270111084 245.268707275
205.08757019 180.171112061
1980.16003418 488.497283936
3596.10131836 629.002685547
2639.68066406 521.358459473
1591.41625977 1249.21838379
2763.12817383 638.667114258
1537.00695801 1347.76306152
3749.28369141 674.286987305
1980.5300293 531.056640625
1293.30163574 324.10848999
1360.80981445 318.324493408
1082.15124512 192.427810669
901.768371582 303.116729736
2669.52685547 594.068908691
2470.85351562 550.953308105
1172.97033691 248.75213623
1969.7253418 745.134643555
1961.32666016 753.022277832
2544.66430664 472.913726807
1578.99853516 690.941650391
2493.23193359 1508.14331055
1598.05749512 994.833740234
306.47052002 1029.12255859
1069.81872559 1068.15991211
1524.27026367 621.17578125
882.59564209 1046.19946289
117.128387451 108.978775024
2618.1706543 603.077514648
2010.42138672 558.456115723
910.096069336 180.242721558
1197.1739502 1246.74304199
2483.03344727 1523.43884277
2038.05847168 570.06842041
2564.29956055 460.906494141
1362.77807617 329.634918213
274.075592041 1413.64453125
2674.14624023 592.636779785
337.55166626 1526.5682373
3666.07885742 744.799865723
1348.32128906 371.072662354
1366.15820312 306.355743408
1589.16271973 1053.11877441
1594.88146973 784.31262207
669.138061523 266.358154297
841.033935547 245.177154541
405.325866699 173.387039185
1433.79296875 362.784698486
2606.37939453 614.594787598
552.07421875 273.377502441
2016.30310059 384.898529053
545.602172852 130.587875366
2897.08862305 606.420837402
1550.77709961 1170.52978516
2726.24316406 1533.55993652
2043.20935059 789.223999023
3487.22924805 1532.40100098
271.02645874 1460.66760254
2722.40551758 486.420227051
1135.66638184 209.44720459
2040.36132812 821.619873047
457.436553955 165.792282104
1041.65258789 1330.87548828
3733.20800781 1386.1427002
3618.13818359 744.431030273
1572.35803223 1193.00415039
1366.15820312 306.355743408
1616.19824219 864.497009277
1995.52734375 778.203369141
1151.77050781 337.397338867
2894.54956055 629.712585449
3496.86083984 733.470581055
1519.08959961 800.360168457
844.993347168 1362.63513184
977.629516602 1343.64086914
2821.95385742 500.674987793
1098.44152832 360.876708984
217.233154297 143.337310791
2055.08056641 471.016296387
3630.11523438 793.522338867
2846.22241211 508.019775391
2900.27514648 628.359069824
3383.12573242 669.369384766
3559.64697266 1418.87536621
1217.46911621 1250.36352539
1754.36608887 1428.28637695
3241.0625 592.336181641
3200.27539062 689.946166992
535.418945312 117.447479248
2769.05834961 617.351196289
3582.39892578 1401.50305176
1555.34912109 1172.07910156
902.306335449 196.66973877
1375.89489746 262.633178711
448.294616699 237.420349121
653.40612793 229.959732056
603.308227539 1378.93884277
352.174926758 135.902481079
1492.29443359 936.71496582
3606.65380859 634.396850586
1516.54711914 818.034118652
1043.60852051 1069.08654785
434.10144043 81.0382614136
3890.61401367 781.449401855
1531.0020752 880.814880371
309.200073242 980.945556641
3435.57177734 620.50177002
2829.26220703 1525.68395996
571.052124023 207.447006226
990.159667969 1354.60510254
1060.91760254 1255.06445312
2676.92553711 469.501617432
263.744049072 212.963256836
1961.34741211 1640.57958984
1550.55810547 734.585571289
2537.93041992 456.583251953
2678.61816406 476.763580322
1258.484375 1271.1451416
769.023864746 276.220611572
1595.48815918 1161.53271484
1543.70617676 1287.39599609
1110.85949707 212.782684326
3471.52416992 628.37097168
1021.30828857 319.99822998
2821.95385742 500.674987793
161.440734863 151.773986816
2022.96777344 831.650939941
2726.24316406 1533.55993652
1608.57104492 969.214599609
2565.94995117 568.59777832
1353.90930176 169.457138062
786.033752441 159.489379883
2466.66992188 529.180969238
303.111083984 1098.40710449
85.0503921509 192.145263672
3200.27539062 689.946166992
3408.69726562 1516.28186035
2000.90734863 786.184814453
2720.98364258 646.025634766
3719.53613281 672.582763672
1598.78808594 1046.10266113
2521.73999023 503.386474609
2052.38085938 579.844787598
1062.55175781 421.36807251
127.316436768 59.9905433655
529.182800293 154.926971436
1483.28710938 424.417205811
2067.20727539 572.991882324
2053.27319336 495.010925293
134.94758606 72.027557373
2703.64501953 570.841491699
3879.32202148 1876.20568848
1519.01977539 946.790893555
1185.02575684 254.997909546
2612.29394531 477.232849121
2599.6875 628.879577637
1172.29602051 234.434661865
2367.1105957 1211.46240234
2592.24975586 492.49420166
1603.60351562 908.638793945
2451.12109375 463.696258545
352.174926758 135.902481079
1429.85925293 1377.36071777
1537.89990234 684.375915527
3989.73608398 794.568847656
1534.92785645 1088.06738281
1498.17102051 1318.73657227
2091.09350586 802.888122559
1587.58410645 848.541748047
1457.61682129 1069.12890625
1492.92370605 1211.08703613
2451.41748047 558.591064453
1470.09423828 409.474884033
1602.3380127 1116.99267578
1317.9597168 244.021270752
2750.00634766 593.794433594
1998.09094238 512.197509766
2467.33056641 545.354492188
3833.85668945 772.779785156
3744.46875 665.782714844
603.966369629 1012.73010254
3479.64233398 1222.19567871
745.048828125 289.560577393
961.535583496 192.86177063
837.289733887 1367.41516113
183.193786621 1771.50585938
1527.00463867 957.660766602
3559.64697266 1418.87536621
1549.59130859 1267.09313965
3435.06616211 611.004333496
272.091186523 1562.06652832
3816.62792969 124.792747498
3908.09692383 771.114379883
2925.7578125 589.471679688
2945.64892578 524.820373535
1601.76855469 1039.37084961
1361.21276855 387.433380127
1155.99377441 212.994216919
3061.38525391 557.712585449
2588.45361328 556.52545166
2052.86645508 710.375061035
427.672851562 239.768722534
2955.55639648 636.390258789
1590.54772949 618.662719727
2935.72338867 1832.00695801
37.3355522156 1684.93017578
3448.96606445 725.71307373
2577.38525391 490.299072266
898.010803223 291.073852539
538.607788086 244.061386108
2935.72338867 1832.00695801
3604.47192383 1386.8338623
3409.52148438 678.028747559
2016.22607422 704.713500977
134.071273804 1733.60241699
1235.44726562 252.236114502
1523.95800781 1115.25061035
631.524353027 173.243438721
3575.37963867 646.027038574
254.84588623 1248.10449219
3435.57177734 620.50177002
242.201507568 1667.64624023
824.847900391 1373.9197998
330.257019043 216.21736145
1367.54919434 200.078445435
92.4488143921 184.370391846
1542.50500488 1378.26318359
3546.04638672 1858.67614746
1576.12414551 1156.33459473
137.496124268 962.901977539
1765.97351074 1732.64660645
1519.09277344 786.049987793
1447.82177734 273.077392578
167.348983765 986.067932129
2916.50268555 1535.00866699
2771.04223633 502.436218262
3462.38671875 713.81628418
1736.3659668 1764.3170166
3863.93823242 1176.4453125
1310.67700195 205.766708374
867.07208252 1223.38098145
2745.14550781 1623.00402832
1163.08654785 224.699111938
3086.04223633 571.926513672
669.138061523 266.358154297
1500.8659668 922.720153809
2428.23730469 438.080627441
230.792816162 241.388793945
337.55166626 1526.5682373
3863.93823242 1176.4453125
3519.63476562 763.79876709
2366.30053711 1370.77416992
3100.49658203 570.165344238
905.162658691 1328.22216797
1518.06835938 728.880859375
1544.77368164 1356.17993164
1307.61535645 270.265441895
69.7521972656 190.225082397
1328.28283691 317.876037598
443.329772949 100.981643677
89.1108779907 958.278015137
1196.89306641 290.331604004
1041.96630859 1151.63500977
3359.64282227 576.233093262
1594.97412109 657.948547363
2763.12817383 638.667114258
631.524353027 173.243438721
1595.07958984 1076.84619141
2749.10498047 1636.51098633
3633.40014648 738.228942871
1238.70349121 1251.32983398
2894.20117188 513.159423828
997.785827637 177.487991333
1146.37060547 1056.89575195
1185.53381348 345.055603027
3419.41918945 721.023681641
188.399917603 1768.57324219
1984.23901367 503.122344971
1541.87805176 1367.91479492
2550.5859375 566.922729492
1606.06140137 1045.29699707
2972.19702148 536.93548584
3416.84985352 584.969665527
1145.08740234 247.673828125
3436.22387695 699.142456055
867.277893066 1153.77026367
3510.01074219 1842.66442871
629.644836426 258.226867676
69.7521972656 190.225082397
266.751373291 269.578552246
1554.15124512 1088.37121582
4014.9621582 26.1053676605
1456.99523926 277.073547363
2415.97070312 538.015197754
3344.07983398 692.073974609
1991.03637695 1406.07250977
2813.15380859 1699.08337402
1606.85595703 1132.22814941
459.700469971 371.630157471
3474.49707031 709.481994629
1022.67108154 196.74772644
2063.93286133 443.490112305
258.634399414 1549.32336426
1234.4296875 353.162414551
660.743591309 150.276260376
898.010803223 291.073852539
1182.79577637 228.231765747
1121.59423828 236.75012207
3167.87719727 640.379577637
1523.35595703 1221.61523438
3524.20043945 1217.51391602
1208.43676758 1035.28149414
1504.17944336 285.481414795
108.874046326 1780.81213379
1498.71691895 290.869476318
1540.05151367 358.325714111
2385.71972656 1223.26184082
533.327270508 252.973342896
1560.86022949 775.747436523
2094.19262695 509.432647705
1592.42541504 876.129089355
1541.16564941 368.653747559
1519.90710449 1222.66137695
3454.03881836 1430.14611816
2016.80737305 700.71081543
2744.87744141 1615.08117676
1241.99035645 350.636413574
1181.18078613 260.009796143
1984.47973633 550.411743164
422.297180176 294.548126221
206.44984436 218.18510437
1591.71142578 585.438781738
3524.20043945 1217.51391602
529.182800293 154.926971436
1480.83117676 398.298583984
95.3468093872 1552.90991211
498.276184082 363.918640137
2357.47705078 1153.05090332
1401.71862793 384.984100342
338.503204346 975.757446289
2455.2331543 442.618591309
1464.75341797 396.485626221
2403.8215332 848.681335449
1515.40356445 624.075439453
3143.19775391 564.655883789
2588.61474609 616.613769531
3914.875 777.309326172
978.762023926 174.124298096
2599.33251953 466.437561035
3153.92651367 558.134887695
95.3468093872 1552.90991211
1578.59375 1042.43505859
2030.49694824 518.582458496
969.487854004 283.529968262
2436.87988281 1494.28308105
374.641906738 286.447906494
2968.30175781 552.848022461
1092.71142578 334.121612549
559.994567871 371.803466797
3230.83325195 672.969543457
2123.53881836 501.494842529
2303.84545898 1589.17749023
828.300598145 1722.4777832
524.00970459 350.207733154
516.268493652 156.922836304
3535.10717773 1565.67321777
84.911567688 1014.94970703
295.186553955 72.8592453003
1986.49658203 406.174926758
108.874046326 1780.81213379
1518.20751953 753.763366699
124.079620361 49.8803443909
2019.47546387 707.069335938
258.634399414 1549.32336426
1548.62731934 1219.71289062
778.870300293 1200.90795898
2337.94677734 1566.02685547
2865.08056641 1820.94348145
1515.40356445 624.075439453
2021.58288574 556.043029785
559.795410156 102.171768188
2941.52563477 1508.56591797
2809.8762207 511.05178833
2771.82861328 494.535552979
1101.25756836 369.307098389
2040.03344727 382.364776611
3907.57788086 689.086791992
1283.46691895 1238.82177734
670.717224121 150.598861694
969.067199707 321.294647217
127.086700439 202.624130249
397.429931641 281.461029053
2865.08056641 1820.94348145
3119.83618164 581.482543945
498.594970703 237.423080444
141.317062378 330.647277832
544.856323242 243.623336792
3628.61303711 634.339599609
1973.30603027 479.253570557
1603.1541748 1061.00634766
2662.8659668 533.33416748
1381.4263916 241.077270508
1366.66711426 1095.59692383
1376.4263916 241.618804932
990.268493652 194.079101562
3764.86914062 1277.19897461
2989.93334961 686.315612793
3471.52416992 628.37097168
2094.30810547 816.319641113
1496.57592773 1361.03930664
162.997467041 1684.38378906
852.757080078 329.876617432
298.967651367 82.1410675049
359.112030029 976.687683105
3803.91943359 1261.16015625
3736.44506836 678.937438965
1601.67651367 1335.61181641
537.467590332 246.95451355
3534.63964844 1566.94677734
866.812683105 196.534011841
144.759811401 197.762176514
1125.60241699 337.204193115
3482.56933594 687.726196289
2577.55834961 548.858276367
3229.31689453 593.949951172
354.901580811 125.662162781
142.587158203 1253.97729492
1480.29626465 1189.95581055
3910.0144043 764.594604492
885.345947266 157.511505127
1208.47314453 260.634307861
2653.10717773 1171.68969727
1041.96630859 1151.63500977
3494.3684082 710.305786133
1455.21386719 389.053649902
1129.80725098 201.16217041
1472.09118652 277.102783203
1537.00695801 1347.76306152
3495.72363281 1541.98730469
2877.63500977 641.45098877
2935.74511719 1524.47180176
413.975799561 1381.17443848
2573.79638672 502.08605957
3079.19458008 664.474609375
310.808959961 1047.3248291
3857.95214844 657.925231934
1243.95837402 1097.62353516
3410.01953125 1510.97717285
608.277099609 1434.88671875
1525.43237305 605.681091309
1598.08789062 1349.23632812
2011.25146484 462.638366699
374.993774414 648.166381836
1532.84143066 797.344299316
3416.84985352 584.969665527
3496.86083984 733.470581055
1235.66723633 256.802825928
233.923278809 147.258544922
1525.43237305 605.681091309
3314.43115234 680.654785156
1512.47363281 746.104553223
660.743591309 150.276260376
1537.31225586 1030.83752441
3673.50415039 766.352539062
1136.78137207 1322.10400391
1517.70471191 760.974060059
2544.66430664 472.913726807
1219.84875488 1100.77868652
1220.70678711 1251.31774902
287.44732666 223.421829224
1480.9498291 406.177246094
3041.9387207 508.151580811
2108.20922852 518.808776855
666.617919922 121.007354736
505.819000244 93.0746612549
3782.15991211 806.112365723
1230.85961914 1091.96618652
1611.14489746 642.126403809
3583.17163086 704.656799316
916.831481934 1316.12207031
443.072235107 293.046447754
921.010864258 436.199768066
2438.45483398 594.789367676
1071.06018066 1196.23571777
3376.80664062 670.320861816
2405.58886719 441.025115967
1055.95288086 1116.75061035
1201.08166504 297.018829346
1999.98034668 424.93548584
3494.3684082 710.305786133
1409.20068359 171.890411377
969.487854004 283.529968262
2934.84643555 1345.72399902
3747.84545898 1408.2545166
1617.30554199 1126.47973633
2322.97021484 779.125427246
1568.75830078 1027.41955566
255.881820679 1772.72277832
118.034423828 1242.63378906
108.874046326 1780.81213379
1412.38061523 382.83291626
2564.29980469 544.863464355
1291.51025391 448.233215332
3568.17138672 1181.07861328
2039.19592285 1420.10791016
870.450500488 1145.21484375
3991.75854492 798.820800781
134.071273804 1733.60241699
304.82421875 1338.39685059
213.140914917 188.908340454
820.647155762 385.421508789
2043.0715332 1420.36816406
365.723876953 226.589111328
302.826843262 1113.08691406
171.125915527 225.527618408
114.594322205 161.351806641
1546.43212891 1088.02868652
1243.45288086 358.922973633
1220.63647461 1249.38342285
729.737365723 142.095932007
3576.66699219 722.140014648
114.594322205 161.351806641
2451.48242188 1287.01220703
870.450500488 1145.21484375
2329.36401367 951.149169922
1760.85327148 1617.37402344
2612.36328125 511.444396973
229.011123657 216.048995972
2819.171875 501.356384277
1099.15454102 377.637237549
1540.14550781 846.759155273
1215.82373047 241.322143555
3741.06201172 96.9648208618
910.096069336 180.242721558
904.614868164 420.706787109
3496.86083984 733.470581055
945.012390137 427.06161499
1597.01794434 1399.1809082
1476.15539551 808.979492188
1505.40576172 1130.80078125
2912.91210938 1530.30322266
600.625244141 254.199645996
844.75390625 1161.18444824
1105.15527344 218.565124512
817.109985352 244.276763916
1496.57592773 1361.03930664
3814.421875 1380.00427246
2073.35717773 573.289855957
1123.62133789 466.957763672
650.961242676 146.804443359
3571.8347168 1774.26989746
3566.10546875 1386.87341309
1993.71264648 1405.34619141
3419.41918945 721.023681641
1147.0814209 1345.11499023
1369.73876953 1358.83032227
1172.40734863 275.277587891
3884.93945312 74.9343032837
2959.53808594 1514.16101074
3404.51855469 1517.98730469
395.291748047 1450.41369629
1572.48413086 1418.97790527
1949.83044434 780.041992188
3727.06298828 1316.37561035
2918.99194336 509.853820801
2021.57092285 524.846130371
2487.04321289 1151.68518066
1554.88537598 1245.70874023
297.557678223 1099.06921387
553.080688477 301.695220947
806.449157715 1378.98303223
2721.32250977 1591.21569824
661.546813965 158.119384766
3046.33105469 645.225341797
1070.23840332 1094.32409668
1381.4263916 241.077270508
290.986236572 79.9399795532
1535.70324707 1336.78918457
930.902709961 206.940612793
593.421142578 778.520568848
1561.99108887 1310.24414062
1534.26635742 691.698425293
102.333755493 299.896026611
2721.32250977 1591.21569824
842.547485352 288.203308105
890.576416016 1739.8190918
2109.15356445 515.05267334
2380.78662109 513.626464844
4022.69946289 22.1861972809
3510.90039062 1858.27331543
378.615264893 1443.67956543
345.253845215 221.343002319
406.348175049 1174.70532227
1220.35949707 1228.34265137
1442.73632812 278.028564453
1146.69311523 230.847732544
580.225830078 146.869293213
773.314941406 292.898986816
1610.15759277 858.055480957
2724.65576172 526.08770752
3438.12426758 656.744018555
3053.17675781 549.398254395
1106.63232422 451.617614746
2052.72998047 424.630462646
3796.90673828 1177.96496582
982.853027344 172.643783569
2055.08056641 471.016296387
1005.20648193 261.5574646
2589.68554688 491.882080078
3290.66748047 673.116577148
3298.27075195 590.263061523
1526.63720703 1064.15222168
486.928894043 89.6565475464
1611.06567383 777.106201172
3104.61132812 690.84173584
786.641479492 403.542999268
2038.05847168 570.06842041
1602.04333496 588.149475098
1124.14257812 1324.24169922
1535.34558105 1318.43591309
1534.76489258 1069.48205566
3906.7253418 766.177612305
650.961242676 146.804443359
3719.26953125 748.404724121
1564.44433594 1029.07775879
1791.96472168 1471.10192871
345.253845215 221.343002319
3346.65283203 700.837646484
1422.07299805 477.267456055
3462.38671875 713.81628418
664.284301758 317.91506958
1934.72460938 726.85144043
2414.69287109 553.176696777
883.91229248 1162.45935059
2589.14013672 472.689453125
1324.0994873 461.235015869
1985.90380859 389.139648438
3870.06567383 1334.66625977
2387.72460938 1294.8215332
1196.89306641 290.331604004
1540.70922852 1029.05358887
2451.94384766 1321.19384766
1568.39111328 1027.45568848
1341.2109375 1325.76782227
372.466461182 257.465576172
3653.58984375 654.013183594
2811.77758789 615.031311035
1938.73486328 800.60144043
2668.04907227 1528.76574707
517.184692383 256.05682373
2841.55810547 1698.24511719
518.964233398 241.027572632
2678.7421875 530.81628418
1245.74145508 1330.30700684
1564.44433594 1029.07775879
566.897033691 246.166687012
3559.20727539 1408.00830078
3231.1394043 538.159912109
256.87411499 1450.53857422
3126.26806641 754.836914062
2895.11987305 1811.19519043
95.6160354614 1657.09350586
1178.02429199 244.022293091
3590.10644531 613.580932617
252.555389404 980.349121094
2518.49169922 437.918060303
250.985244751 880.823486328
2415.5 737.273132324
3404.71362305 1513.1184082
629.644836426 258.226867676
3154.52685547 973.186279297
1142.71276855 393.5831604
777.719543457 290.541503906
2913.02832031 1528.31591797
2362.45458984 516.811401367
1156.74035645 304.342651367
1402.46374512 230.08656311
3254.2878418 619.329101562
2810.29418945 509.177886963
359.112030029 976.687683105
3714.64990234 74.5905303955
1503.17883301 657.329162598
1986.47729492 504.506835938
3297.3515625 682.023864746
678.257568359 1000.8013916
1590.89294434 656.323608398
1554.9888916 1142.85205078
244.503631592 131.307357788
1580.61120605 1418.4822998
1133.76245117 236.124893188
1598.27758789 1330.91906738
3339.38208008 1881.72729492
1538.46044922 683.341796875
1800.51635742 1608.16516113
1116.01464844 195.260696411
33.7027587891 950.769958496
2062.54833984 600.604125977
1521.33166504 1198.9942627
517.184692383 256.05682373
1042.72827148 1117.36047363
1084.05493164 281.303375244
1205.07958984 255.037261963
1687.50183105 1774.80041504
3449.27685547 692.741088867
784.968688965 1061.26513672
358.656341553 652.782043457
1548.59960938 1290.86352539
3129.34399414 737.567443848
730.40411377 1770.44335938
1592.80810547 970.971374512
891.96685791 1114.34118652
1207.6932373 1360.71984863
2415.5 737.273132324
192.202651978 196.854721069
3275.13818359 678.253295898
3360.77905273 548.244873047
2048.81835938 533.139282227
899.83392334 1065.86633301
1594.31726074 1135.3729248
1469.85791016 1104.43530273
223.727554321 198.114730835
1484.35461426 647.34173584
1550.99682617 840.995300293
1965.62145996 715.827392578
1492.95727539 805.908325195
307.472869873 907.967651367
1416.64599609 1207.70947266
2097.10205078 419.995391846
118.225166321 209.241714478
2348.95458984 1590.14550781
2071.75146484 597.450561523
1419.09484863 146.569534302
3519.63476562 763.79876709
1357.47216797 373.904846191
1152.69140625 386.542144775
3236.40551758 672.901428223
351.499176025 92.8384170532
701.78112793 1734.11950684
121.168411255 208.566314697
3297.3515625 682.023864746
2865.08056641 1820.94348145
345.253845215 221.343002319
4032.17114258 133.802825928
495.994995117 236.210540771
3448.50463867 785.019836426
3631.453125 642.882141113
3261.3828125 680.479370117
380.689239502 216.124801636
3312.5612793 682.137878418
1496.84692383 602.531799316
1517.66906738 1191.92028809
1328.24169922 1357.04553223
3888.58740234 1412.24316406
1518.06835938 728.880859375
3715.56640625 1365.83251953
1606.0 384.47845459
3867.83398438 768.151123047
3750.14135742 1461.47229004
492.247406006 192.250595093
2668.04907227 1528.76574707
566.897033691 246.166687012
2019.33630371 1419.31335449
2540.56005859 564.582580566
355.643463135 235.391830444
961.055236816 315.751373291
1500.43847656 1124.30725098
1172.40734863 275.277587891
2096.0637207 792.710632324
2336.16503906 1421.24938965
1469.85791016 1104.43530273
1599.06872559 1348.67114258
864.754211426 210.964782715
2563.87573242 549.03338623
2025.0802002 825.149780273
3507.29760742 1648.45666504
3828.86987305 1429.83154297
3890.41479492 146.158828735
3559.20727539 1408.00830078
1052.79797363 361.333435059
356.088012695 161.874572754
3577.73730469 1541.58752441
2913.43408203 1530.6817627
1528.23376465 879.43963623
2706.16723633 493.909484863
222.82208252 224.968460083
910.096069336 180.242721558
1201.20422363 1359.6348877
873.636535645 1278.06518555
3577.73730469 1541.58752441
3916.88671875 693.239013672
1973.30603027 479.253570557
3108.31762695 597.729736328
1410.72143555 162.823745728
1219.85266113 347.834594727
303.965270996 1144.42614746
3213.37084961 662.21484375
397.162780762 242.883682251
1612.49438477 1402.73522949
1186.06237793 2726.00976562
79.4232025146 1557.56884766
1210.08764648 1215.51538086
3243.47021484 671.909484863
443.072235107 293.046447754
2032.89672852 581.071166992
2103.4597168 435.261749268
3470.3059082 593.315002441
433.17590332 961.961364746
406.847198486 951.064453125
1201.63513184 291.208892822
1038.52600098 1275.87683105
2493.12719727 1185.24316406
1592.33190918 1129.90783691
1171.49523926 474.270996094
1054.93457031 1062.73986816
538.091247559 242.258865356
652.16217041 1776.46777344
2010.32263184 523.341125488
827.002258301 325.722808838
1612.49438477 1402.73522949
3882.08398438 770.173461914
2791.10253906 690.00378418
2840.08300781 604.894592285
593.47644043 272.866638184
2912.90478516 544.086975098
258.096008301 1324.64501953
2959.53808594 1514.16101074
1149.5501709 187.601623535
2552.08886719 498.548950195
4111.68017578 723.785583496
950.436706543 345.046478271
2709.14233398 494.065490723
3285.23974609 680.292419434
1503.04663086 293.880249023
3438.12426758 656.744018555
1950.11584473 766.184936523
3666.77392578 1334.01000977
113.070884705 1789.69140625
1005.24261475 328.790557861
2857.66430664 494.300933838
2819.59277344 723.25189209
2910.51342773 501.565307617
3719.26953125 748.404724121
1326.97949219 468.781646729
2001.82714844 558.733642578
2752.06494141 593.251525879
1142.85046387 433.404815674
2001.68005371 484.824707031
926.079101562 361.287231445
2025.38867188 568.396118164
1687.50183105 1774.80041504
3298.93603516 681.829833984
3125.19995117 649.901123047
2617.61230469 564.724060059
1074.83300781 1153.33642578
2145.7487793 504.312866211
1167.96813965 290.389862061
538.091247559 242.258865356
1251.17932129 1134.05114746
3294.02514648 676.86920166
1472.30249023 1231.87219238
936.944763184 225.88180542
747.055419922 1144.36877441
1442.47521973 111.97819519
685.047668457 403.165222168
3568.33544922 819.730407715
1406.76513672 1174.47119141
758.211181641 1038.3302002
921.010864258 436.199768066
891.909484863 186.70022583
1542.15441895 374.831726074
3438.12426758 656.744018555
1550.71850586 837.481628418
2470.24511719 1365.93933105
1470.13330078 429.557250977
2028.75488281 588.883972168
1078.14599609 1232.36657715
2877.63500977 641.45098877
3776.18823242 1421.6315918
2817.22363281 693.053710938
3076.73193359 562.115661621
219.719390869 261.781921387
127.874687195 186.278915405
1075.15637207 1339.69873047
3449.27685547 692.741088867
2762.41772461 602.75402832
2417.71459961 433.114532471
2400.95239258 1223.52355957
1042.0657959 1140.00500488
1320.86254883 378.347900391
2589.68554688 491.882080078
864.754211426 210.964782715
3356.87988281 1491.12268066
3666.77392578 1334.01000977
883.239929199 318.318237305
790.79107666 418.121337891
23.2375850677 168.288314819
1157.40856934 1359.85107422
293.841125488 1401.01257324
3908.09692383 771.114379883
3541.91918945 605.989807129
523.24395752 1339.49499512
227.60609436 742.303649902
2531.734375 537.166564941
252.231613159 1236.49743652
3651.53417969 1319.87695312
923.250854492 1312.94470215
3602.21777344 721.981506348
23.2375850677 168.288314819
3428.30761719 811.639343262
794.72064209 865.380065918
1026.82214355 199.060897827
1455.60925293 1086.18823242
3746.10327148 1241.83374023
3760.03417969 788.783691406
3079.00097656 642.750366211
1549.59130859 1267.09313965
2633.61474609 1074.53393555
2338.32983398 1586.22619629
274.08895874 1153.48754883
2450.7043457 473.934906006
2450.7043457 473.934906006
1399.39147949 289.227416992
3733.50366211 742.905700684
3613.89013672 728.348815918
2847.41113281 1701.65039062
2028.75488281 588.883972168
2673.92919922 536.088806152
2328.58764648 1651.61108398
1162.80065918 1248.35534668
2547.94677734 468.333679199
3627.45166016 1366.0345459
3298.93603516 681.829833984
1518.3059082 1207.03295898
274.886657715 86.2446975708
904.119750977 311.17364502
977.286010742 334.095611572
1995.21118164 389.819000244
3113.09277344 648.550354004
1129.21765137 1287.17224121
127.316436768 59.9905433655
2085.33764648 428.072601318
3301.50292969 705.304016113
1236.06616211 1268.23254395
75.1311645508 1651.03161621
1935.39440918 799.403320312
127.874687195 186.278915405
2000.90734863 786.184814453
114.594322205 161.351806641
1557.93188477 879.162719727
235.06137085 228.971878052
3690.93286133 744.316650391
3489.48779297 1242.61560059
1146.69311523 230.847732544
1053.13708496 1152.72106934
2011.83227539 696.218444824
224.520721436 340.393096924
2954.20947266 1525.92211914
283.602478027 1223.57373047
540.360961914 282.498535156
2021.62268066 1419.78771973
2633.61474609 1074.53393555
1027.43530273 378.315002441
2443.38891602 773.202453613
1195.04370117 348.667999268
1545.14794922 1320.04064941
2116.90234375 544.98651123
547.846679688 178.414001465
1548.41430664 1193.69506836
350.467803955 1018.33129883
1526.14685059 712.88494873
1423.17749023 1108.51806641
2000.44970703 483.284240723
65.2632446289 1194.55078125
346.587280273 808.864257812
166.857055664 960.68927002
1590.3770752 814.13458252
1143.91638184 1190.0559082
2674.97167969 595.772888184
1606.61767578 1221.65429688
3613.89013672 728.348815918
514.096740723 256.174407959
3455.01318359 692.152038574
1078.40893555 459.974761963
3126.26806641 754.836914062
3573.73364258 1673.72680664
741.590759277 1391.51281738
1175.28515625 208.975891113
1610.8001709 1384.58764648
2120.07495117 529.848022461
504.977752686 959.48828125
1617.04516602 1096.21765137
865.798706055 1351.83825684
1149.5501709 187.601623535
2402.81787109 1880.23266602
3118.89111328 709.433227539
739.42565918 279.311553955
3586.76806641 595.568054199
2668.48730469 522.668884277
3781.31298828 763.004943848
3359.20117188 1499.36279297
1201.63513184 291.208892822
500.057067871 1356.13146973
533.708190918 122.107475281
798.551330566 984.092285156
1063.8729248 1119.05456543
3511.32421875 647.513427734
2973.6105957 1237.2220459
2203.28686523 1488.92211914
2595.80981445 1104.10424805
3918.82128906 1399.48596191
375.040496826 277.586791992
165.857513428 2080.95922852
2032.26489258 434.575714111
1110.56237793 197.73210144
881.197509766 1380.34655762
1136.58972168 1088.37268066
1612.1126709 921.130187988
2678.7421875 530.81628418
1099.34924316 1354.35791016
1612.49438477 1402.73522949
957.759216309 185.221725464
73.947845459 1454.17346191
221.474517822 755.309814453
221.474517822 755.309814453
1265.5859375 414.722869873
1167.56958008 1265.1932373
2399.48974609 1266.61401367
2611.41894531 1090.92346191
2569.40771484 566.121887207
1404.85705566 181.199707031
1000.44195557 1655.89733887
1415.53234863 223.052459717
381.433288574 87.3590240479
1237.74401855 1348.80627441
1327.36633301 1350.04101562
155.376998901 190.351974487
2470.24511719 1365.93933105
921.527526855 312.933013916
1262.27661133 1146.19482422
1588.23718262 1229.43005371
297.37286377 1386.68310547
3452.72851562 1489.07312012
2814.35717773 618.15625
1994.41467285 1701.10351562
3584.23217773 1061.8729248
1064.4765625 1140.86291504
3012.73413086 1504.70043945
470.752593994 265.458312988
2394.06518555 1833.25158691
547.846679688 178.414001465
575.312438965 268.250305176
3613.89013672 728.348815918
2080.62329102 592.671203613
2740.31713867 594.792724609
2819.59277344 723.25189209
678.257568359 1000.8013916
3489.48779297 1242.61560059
3712.65527344 667.068115234
1170.54968262 1285.81811523
3069.03393555 1518.87316895
2861.36523438 618.749145508
3564.91430664 608.873840332
720.947998047 990.446838379
3237.66113281 697.297485352
1237.0267334 1289.23962402
514.096740723 256.174407959
1060.63195801 1253.51745605
3586.76806641 595.568054199
1518.38378906 1248.37744141
629.644836426 258.226867676
124.537902832 46.6846160889
741.590759277 1391.51281738
1939.97412109 430.437957764
2597.18969727 541.720092773
317.87411499 1315.02124023
1332.68713379 1314.65649414
3501.79321289 654.586975098
180.143676758 205.361968994
2233.53198242 1521.17248535
1986.8034668 381.04864502
2885.7097168 536.026062012
2372.56884766 701.245666504
1961.34741211 1640.57958984
572.564575195 262.816894531
1013.6184082 339.035583496
1468.28881836 1071.31677246
2008.98596191 1668.2833252
2141.42675781 457.099609375
1427.72595215 1134.8001709
3873.22412109 765.001159668
1362.77807617 329.634918213
1190.18334961 1188.11169434
1635.06469727 265.575836182
1140.5012207 1071.76611328
619.988708496 265.637390137
801.193908691 1043.44934082
1558.97399902 1322.87036133
1523.59228516 538.168334961
3258.16479492 603.279663086
221.863845825 205.851776123
1962.49621582 1642.0489502
424.139709473 245.261428833
317.87411499 1315.02124023
370.846679688 1108.27172852
2662.73583984 2517.42163086
1489.98352051 803.150390625
1390.29577637 390.123962402
530.387451172 177.262252808
1609.03186035 904.766662598
2959.08251953 1016.79467773
890.576416016 1739.8190918
3000.71826172 2737.79150391
816.496582031 1365.50695801
2370.62719727 517.211730957
1146.44909668 233.070953369
3106.34375 652.912536621
2220.8894043 1507.21594238
1372.09863281 1307.28601074
537.69909668 113.114303589
440.162261963 749.220214844
1525.75061035 1789.28356934
1604.59570312 1339.90466309
1152.76416016 362.384033203
3425.34912109 702.945495605
224.520721436 340.393096924
1038.44238281 1090.77502441
3069.03393555 1518.87316895
319.264221191 1426.29211426
2789.73461914 2604.95288086
959.723754883 365.789123535
3470.3059082 593.315002441
727.934020996 1359.30517578
1073.76525879 1307.84082031
1535.70324707 1336.78918457
1121.59423828 236.75012207
2841.55810547 1698.24511719
1394.35412598 291.217346191
2621.38647461 1076.0032959
1247.28686523 1100.63366699
1582.92443848 1138.28149414
3240.84228516 599.913269043
804.356994629 795.84197998
523.382141113 297.432373047
309.701324463 876.249511719
2052.09277344 1405.94909668
906.243774414 405.132904053
3000.71826172 2737.79150391
2962.97607422 536.612731934
1516.31433105 1018.41381836
1506.87744141 291.59197998
1353.93981934 2332.24072266
3565.27050781 1840.97058105
625.197692871 278.200469971
1039.37329102 1207.93005371
1588.00769043 1036.44348145
3473.61743164 745.281311035
339.495574951 1145.20068359
809.765991211 997.645141602
1442.47521973 111.97819519
2684.63720703 585.747619629
2235.61962891 1482.65551758
495.994995117 236.210540771
40.9120597839 1688.93212891
1088.01220703 329.156005859
1050.33654785 1219.56616211
518.964233398 241.027572632
1192.7890625 1165.29833984
1157.04077148 203.085327148
3885.21289062 767.120056152
2417.03442383 2795.80932617
2028.88464355 594.774291992
1987.93786621 1429.36608887
2417.03442383 2795.80932617
846.003540039 349.607849121
1105.15527344 218.565124512
661.920532227 369.909912109
1013.67114258 1329.35522461
3717.36816406 1422.60864258
505.901550293 239.220794678
443.072235107 293.046447754
1612.49438477 1402.73522949
1232.02514648 1368.01660156
3470.5925293 735.047363281
1062.55175781 421.36807251
3516.91503906 1258.68066406
1604.85534668 904.037231445
484.14050293 843.044128418
923.788452148 1369.21887207
188.48576355 177.082519531
2989.93334961 686.315612793
3884.01025391 711.158874512
164.103393555 169.33190918
2235.61962891 1482.65551758
1406.76513672 1174.47119141
2679.00537109 630.010986328
2399.48974609 1266.61401367
1178.19165039 1122.72717285
2691.88647461 490.795532227
661.481567383 264.403930664
173.056182861 1024.66809082
1518.66357422 737.48614502
1592.94946289 683.810974121
3310.15356445 592.320556641
3913.11547852 794.253417969
593.47644043 272.866638184
3806.56616211 1375.89050293
1439.32287598 1145.95202637
2790.76147461 1573.08056641
3657.25219727 730.63659668
3729.62133789 163.374557495
980.670715332 342.247467041
3437.48681641 1500.74060059
3323.64355469 795.881469727
1519.79370117 1393.81152344
2353.58447266 1617.71081543
826.207580566 1143.04516602
3327.43334961 1500.85754395
2679.00537109 630.010986328
272.765625 1016.04547119
21.6202774048 1283.00170898
1596.21569824 1317.44384766
3177.12670898 2905.23852539
561.121154785 245.333312988
720.947998047 990.446838379
3297.3515625 682.023864746
2789.73461914 2604.95288086
2108.72485352 466.996276855
3469.24633789 781.455078125
371.90322876 1010.324646
2662.36254883 594.056884766
