508.437835693 703.774414062
508.760314941 704.604614258
1253.59533691 1429.76879883
462.337768555 1998.97497559
2943.59472656 1491.80932617
2086.31762695 1543.34790039
1357.56738281 726.758056641
463.7550354 2043.28588867
349.532440186 1894.22192383
463.419372559 2044.34265137
521.129943848 1451.01660156
521.497924805 1450.05712891
1236.39538574 736.783996582
493.819549561 2102.77709961
1235.35546875 738.056213379
2861.93115234 872.033874512
1188.2232666 2019.03649902
2087.5859375 1533.81176758
2945.84106445 1417.00720215
1283.5378418 1552.39953613
1259.87878418 2030.44433594
2962.49951172 860.16003418
518.831237793 1464.32202148
1220.87731934 835.771179199
2288.65551758 874.430847168
1236.85803223 2078.47460938
481.327484131 1979.5213623
1237.43310547 2079.03662109
1308.17456055 2009.46057129
2097.7487793 1497.77160645
1332.29724121 2009.67358398
520.111755371 1459.25
523.683837891 1375.31713867
536.156860352 1940.42041016
2963.19555664 841.572570801
2263.45654297 2018.55004883
2044.18066406 1452.02514648
1338.57446289 1480.61828613
518.58782959 1467.9921875
2199.16674805 715.849182129
517.32434082 1478.03393555
1271.7355957 2025.04650879
2198.36865234 719.922851562
2964.07983398 842.901123047
2947.76171875 1373.25219727
2431.08251953 2223.46972656
524.85736084 1360.16918945
431.922271729 2115.67358398
432.047424316 2108.82373047
1320.6583252 2006.86486816
1236.29699707 1486.66333008
2909.546875 1520.46203613
1378.10913086 829.000793457
2866.05883789 1618.00158691
1377.16625977 834.908935547
1254.90429688 1506.47729492
2889.46411133 814.798339844
2235.36181641 2158.87084961
1355.90258789 1555.79846191
2100.24023438 1486.67333984
1302.2322998 1449.44250488
519.861633301 1436.8795166
583.427307129 1322.89746094
555.11328125 1423.82873535
1255.14416504 1504.48413086
2272.94677734 852.10534668
1299.57910156 1455.62109375
2974.58349609 1518.9987793
1252.88012695 1509.86901855
1237.87878418 1481.73156738
2345.29199219 2162.2121582
1301.63134766 2012.32336426
1246.50036621 1987.46447754
333.122528076 1914.89489746
2971.50708008 1544.8482666
1306.78820801 1443.28173828
2104.73803711 874.803771973
2100.98095703 1481.05615234
2929.40966797 1504.43066406
1322.75756836 1989.52148438
1354.81604004 1464.80725098
2969.81323242 1546.7199707
1305.09985352 2087.42797852
1221.89306641 2009.77233887
500.449310303 1971.69213867
481.97454834 2021.34313965
530.476745605 1973.94958496
2284.15039062 859.700439453
353.246948242 1916.421875
2260.1328125 2150.28564453
2093.69042969 1520.75720215
2090.78759766 1557.03430176
1254.43029785 1974.98962402
1247.30993652 1396.05908203
2943.26831055 1440.87512207
456.883148193 2037.2923584
2090.71777344 1557.22229004
530.304138184 1977.81860352
3018.15991211 1604.72021484
2198.35864258 732.795959473
470.642669678 2036.31518555
422.166931152 1936.44616699
354.813995361 1921.05871582
1321.99682617 2086.31469727
1324.96557617 1432.37097168
518.239318848 2033.53417969
431.397888184 1954.32800293
567.933227539 1423.12866211
1246.97827148 1396.54846191
1212.69042969 1990.14892578
2256.12353516 2142.95605469
525.667480469 1340.48303223
2957.18994141 1500.32446289
1323.09179688 1471.75170898
1257.66052246 2128.78198242
1254.13049316 2119.3762207
1200.95373535 2048.08740234
519.012329102 1445.35266113
543.596191406 1959.50109863
431.442749023 1954.21606445
1236.97070312 1998.15722656
2360.88037109 2160.37646484
3016.8840332 1603.80371094
423.826019287 2029.77941895
1216.81530762 1995.49353027
1358.08862305 852.354553223
554.520935059 1906.06970215
490.353057861 1417.91955566
2944.33251953 1464.62866211
2254.64477539 2175.23095703
484.982971191 1417.25952148
1264.19677734 1401.27270508
354.622009277 1925.3840332
483.602813721 1948.03076172
1343.47131348 2004.08825684
2920.89648438 1555.95202637
2917.43920898 1547.36291504
2290.66943359 2204.0534668
1216.95483398 1996.32983398
2917.10668945 1545.44165039
2920.32543945 858.41998291
2285.07568359 2197.06469727
444.622161865 2025.25024414
2875.57617188 903.256103516
1279.13818359 2086.07348633
498.164672852 1957.44909668
421.043212891 1967.23388672
2942.35058594 916.224731445
475.286743164 1923.59338379
529.866271973 2039.79248047
516.680541992 1499.79943848
1345.82177734 2085.66088867
2250.61010742 2136.20678711
585.833374023 1422.74279785
1260.46240234 2139.54345703
1210.00268555 2063.56567383
472.874603271 1415.12487793
2300.93530273 2214.62817383
1250.32434082 708.360168457
1306.74658203 1390.44055176
555.062438965 1496.91918945
519.74230957 1987.92004395
2105.22900391 1455.72143555
1355.65466309 782.388793945
568.764953613 1899.07995605
557.445556641 1927.91479492
2309.40161133 2222.09692383
1265.22485352 2144.98071289
482.160430908 1489.72192383
1250.71179199 708.402282715
2957.29125977 795.299682617
1353.88525391 751.115234375
2297.16333008 2124.79931641
1247.82092285 2055.95019531
554.070739746 1496.49536133
489.069946289 1992.51965332
1352.71728516 2153.7980957
2978.58300781 857.054748535
2404.95703125 2155.00585938
2831.59912109 780.590576172
431.13269043 1999.34570312
2310.88842773 2223.80859375
1352.71728516 2153.08154297
485.35244751 1485.14941406
2060.89941406 1469.09326172
2952.83178711 1522.24694824
2080.12768555 1562.61743164
2978.67773438 851.468933105
534.596252441 1954.51342773
1283.54589844 1574.15966797
556.441345215 1882.12475586
2263.46362305 862.055236816
430.788299561 1999.88757324
472.404937744 1319.77905273
2255.61352539 858.576660156
1377.02075195 1512.12084961
473.853820801 1320.56994629
466.677459717 1952.97741699
1234.30834961 1452.85266113
1233.26574707 1452.42199707
1350.93151855 800.732421875
1375.14318848 760.203979492
1338.19165039 1454.05749512
1368.43847656 1503.02636719
2846.20678711 909.84173584
475.147857666 1499.85302734
1370.29309082 756.752868652
2244.82739258 856.754821777
526.435668945 1918.23303223
542.994812012 1979.31616211
2851.21850586 934.595703125
2258.6484375 859.046020508
525.689025879 1950.49682617
2832.48608398 844.786865234
522.384277344 727.15057373
526.023803711 1950.08752441
2845.30102539 903.515869141
2935.13427734 1529.93041992
524.154846191 1948.82104492
2947.34643555 1525.05322266
1199.56872559 771.600097656
1226.85412598 2145.87719727
525.069946289 1919.30163574
1309.00732422 1979.11669922
2917.15039062 781.824279785
1389.62927246 803.392944336
2874.04174805 768.441162109
1227.86523438 2116.48632812
1216.93518066 1430.18383789
523.536621094 728.920959473
1297.54772949 1426.66650391
2289.91503906 2135.85449219
1271.79602051 1479.73022461
1270.73535156 2165.03759766
1196.95654297 770.763977051
1223.02258301 2138.5859375
543.479064941 1980.27111816
1308.68200684 1977.07897949
2332.61621094 2067.71777344
1307.98400879 1976.76330566
1297.22900391 1425.94018555
2213.31396484 859.140258789
460.383087158 2087.04736328
2229.02905273 897.651489258
2811.46459961 849.846923828
1269.80883789 1414.19592285
1334.30249023 1556.06530762
416.150360107 2006.51135254
457.258331299 2133.19458008
457.598327637 2091.01538086
1254.05480957 720.788818359
2320.23974609 2090.25097656
2245.17089844 803.211547852
1241.921875 2131.91162109
1221.98608398 2117.79150391
2879.796875 1608.85803223
467.2734375 1472.33032227
2896.93505859 934.570129395
422.745880127 2062.35742188
2232.67529297 893.929016113
544.058776855 1977.81872559
2211.62915039 912.734436035
1282.71228027 2073.88305664
2446.08081055 2074.54516602
2068.93457031 1527.01013184
1341.34631348 1516.65026855
449.56161499 1940.47546387
1186.27050781 783.681091309
430.22454834 1970.73583984
1191.95056152 815.756774902
1266.0345459 2006.11425781
1373.55224609 1531.26672363
1236.72961426 2112.1015625
579.85357666 1941.29492188
2306.71020508 1348.32336426
1260.57629395 1379.5736084
1408.25585938 778.635192871
2235.79248047 855.084106445
447.788116455 2093.87451172
1318.79492188 1500.86230469
2288.53051758 2121.92797852
1375.31750488 864.444458008
461.07409668 1325.06274414
2951.35400391 898.444213867
451.831329346 2092.16699219
2288.26513672 2114.19604492
2288.45898438 2122.4934082
457.570587158 2137.02685547
2839.27490234 926.247741699
1341.97167969 2135.36474609
2230.71533203 2203.56030273
2252.84082031 1378.8605957
3020.61206055 1588.34985352
1284.30603027 732.568359375
1224.07568359 759.201904297
2245.63720703 1381.73657227
2208.55322266 929.308837891
2237.42626953 2110.36132812
545.108520508 1369.50708008
1288.40820312 731.506164551
2138.43701172 1493.40710449
2198.17211914 891.504394531
1327.05664062 1592.96813965
1280.18078613 2090.40380859
1392.63500977 763.912414551
466.975402832 1332.56201172
2296.21337891 2149.38989258
1335.35314941 2036.49438477
2256.03833008 2072.42480469
2229.84936523 875.11529541
1375.4810791 854.190917969
1427.93884277 802.807678223
1276.03039551 1509.6887207
1348.87036133 2165.63720703
1301.98730469 1545.02929688
533.436706543 1997.99841309
2295.42236328 2149.55981445
516.383361816 2007.8536377
469.75869751 1472.56176758
2339.92114258 2213.2487793
533.483764648 1446.60546875
1276.21313477 1509.55371094
2218.10375977 840.466308594
2253.62597656 2075.49707031
2285.38793945 2147.74536133
456.246643066 1969.87988281
2117.41381836 886.095153809
491.867492676 2050.78222656
2881.75170898 1598.89746094
2345.1706543 2218.82080078
1338.36950684 2137.15771484
1212.91992188 2009.0020752
421.980865479 2119.57397461
1321.72729492 1504.41455078
2226.08862305 2208.82836914
2407.51416016 2052.27734375
1334.47045898 1468.11022949
2149.50952148 885.878112793
2147.22729492 887.813110352
2976.31591797 879.578796387
2948.92773438 783.909729004
1231.11999512 1988.11633301
2899.41308594 1413.515625
3000.69506836 1506.56396484
1421.93688965 1513.16442871
1329.73291016 2026.81188965
1318.99084473 2028.35253906
1256.34460449 1432.51623535
3018.98095703 1514.00341797
1259.90075684 735.301696777
346.636474609 1874.50427246
1276.9395752 2092.95117188
1214.54260254 2011.48242188
496.687988281 2047.13647461
2156.61010742 804.446838379
2901.9675293 1417.28479004
496.214477539 2047.90405273
559.109680176 1477.27392578
347.053649902 1872.48071289
1256.43774414 889.855712891
2246.51928711 2212.84863281
491.484039307 2046.12927246
1240.06811523 727.414550781
2254.9440918 2044.31896973
571.769042969 1911.13208008
2151.44995117 900.729492188
563.105957031 1957.09741211
1299.50305176 1929.48376465
1186.55456543 2127.70581055
1291.77099609 2052.4909668
2209.10498047 755.120788574
1301.52612305 2044.50292969
2251.10791016 2043.78979492
1313.99145508 1533.94213867
1312.79370117 1535.06982422
2246.4375 2046.98828125
2994.20581055 1566.0748291
2264.5480957 2195.44799805
2243.32910156 2079.82739258
2994.3671875 1570.62854004
2876.45776367 1444.34631348
2267.29345703 887.125366211
1225.21350098 2127.78295898
2287.87231445 2191.98291016
2986.33837891 1476.0423584
2157.35180664 4133.97558594
570.546630859 1494.82836914
2244.11279297 2204.39086914
1377.46459961 730.23815918
2259.24243164 1408.40307617
1301.51477051 850.002746582
2256.71655273 2106.48779297
2881.94116211 1422.39880371
2334.11645508 2120.93334961
511.074066162 1374.40734863
529.32019043 1997.29711914
528.788452148 1889.22961426
1261.61425781 2064.90600586
1227.50622559 3779.71728516
1350.74133301 876.712890625
2166.94848633 4032.40112305
543.135925293 1919.26904297
2900.31958008 3862.37060547
2151.29736328 908.731445312
2156.04907227 856.656616211
1372.78796387 1477.18908691
509.310791016 1711.52441406
448.79498291 1921.59838867
2302.38769531 2172.73901367
1243.71008301 776.227966309
448.621185303 1922.61169434
1225.6184082 2125.65161133
1242.53503418 2162.64038086
2254.45068359 2099.08544922
2901.17626953 1484.2154541
2138.34985352 776.323303223
564.247741699 1862.62072754
556.181274414 1440.77026367
2235.50244141 2071.23364258
2473.46557617 2024.10974121
1257.68457031 3549.26293945
533.348144531 1495.69787598
2186.98706055 795.435241699
